5.000000 -31.614130
6.226415 -31.614130
7.452830 -31.614130
8.679245 -31.614130
9.905660 -31.614130
11.132075 -31.614130
12.358491 -31.614130
13.584906 -31.614130
14.811321 -31.614130
16.037736 -31.614130
17.264151 -31.614130
18.490566 -31.614130
19.716981 -31.614130
20.943396 -31.614130
22.169811 -31.614130
23.396226 -31.614130
24.622642 -31.614130
25.849057 -31.643935
27.075472 -31.768770
28.301887 -21.825409
29.528302 -10.643092
30.754717 -11.192366
31.981132 -12.024954
33.207547 -13.027379
34.433962 -14.200828
35.660377 -15.343319
36.886792 -16.445206
38.113208 -17.344019
39.339623 -18.171363
40.566038 -18.939254
41.792453 -19.588397
43.018868 -20.172000
44.245283 -20.696276
45.471698 -21.195617
46.698113 -21.671113
47.924528 -22.120519
49.150943 -22.617550
50.377358 -23.159833
51.603774 -23.759042
52.830189 -24.199865
54.056604 -24.643404
55.283019 -25.117777
56.509434 -25.506389
57.735849 -25.864166
58.962264 -26.188737
60.188679 -26.553817
61.415094 -26.913966
62.641509 -27.238537
63.867925 -27.544040
65.094340 -27.831660
66.320755 -28.081330
67.547170 -28.313117
68.773585 -28.537821
70.000000 -28.762524
71.226415 -28.987227
72.452830 -29.193829
73.679245 -29.293697
74.905660 -29.378054
76.132075 -29.449880
77.358491 -29.493244
78.584906 -29.536608
79.811321 -29.579971
81.037736 -29.623335
82.264151 -29.666699
83.490566 -29.710063
84.716981 -29.753426
85.943396 -29.796790
87.169811 -29.840154
88.396226 -29.883518
89.622642 -29.926881
90.849057 -29.970245
92.075472 -30.013609
93.301887 -30.056973
94.528302 -30.100336
95.754717 -30.143700
96.981132 -30.187064
98.207547 -30.230428
99.433962 -30.273791
100.660377 -30.317155
101.886792 -30.360519
103.113208 -30.403883
104.339623 -30.447246
105.566038 -30.490610
106.792453 -30.533974
108.018868 -30.577338
109.245283 -30.620701
110.471698 -30.664065
111.698113 -30.707429
112.924528 -30.750793
114.150943 -30.794156
115.377358 -30.837520
116.603774 -30.880884
117.830189 -30.924248
119.056604 -30.967611
120.283019 -31.010975
121.509434 -31.054339
122.735849 -31.097703
123.962264 -31.141066
125.188679 -31.184430
126.415094 -31.227794
127.641509 -31.271158
128.867925 -31.314521
130.094340 -31.357885
131.320755 -31.401249
132.547170 -31.444613
133.773585 -31.487976
135.000000 -31.531340
136.226415 -31.574704
137.452830 -31.618068
138.679245 -31.661431
139.905660 -31.704795
141.132075 -31.748159
142.358491 -31.791523
143.584906 -31.834886
144.811321 -31.878250
146.037736 -31.921614
147.264151 -31.951653
148.490566 -31.926686
149.716981 -31.918478
150.943396 -31.870604
152.169811 -31.546033
153.396226 -31.610791
154.622642 -31.915389
155.849057 -32.264927
157.075472 -32.413043
158.301887 -32.413043
159.528302 -32.413043
160.754717 -32.413043
161.981132 -32.412981
163.207547 -32.400498
164.433962 -32.388014
165.660377 -32.375531
166.886792 -32.363047
168.113208 -32.350564
169.339623 -32.338080
170.566038 -31.905277
171.792453 -31.652704
173.018868 -31.752572
174.245283 -31.787838
175.471698 -31.804348
176.698113 -31.804348
177.924528 -31.804348
179.150943 -31.818891
180.377358 -31.868825
181.603774 -31.918759
182.830189 -31.974779
184.056604 -32.049680
185.283019 -32.088628
186.509434 -32.093996
187.735849 -32.019095
188.962264 -31.944194
190.188679 -31.869293
191.415094 -31.794392
192.641509 -31.719491
193.867925 -31.657230
195.094340 -31.707164
196.320755 -31.757098
197.547170 -31.804348
198.773585 -31.804348
200.000000 -31.804348
201.226415 -31.804348
202.452830 -31.804348
203.679245 -31.816394
204.905660 -31.841361
206.132075 -31.962077
207.358491 -32.054330
208.584906 -32.104264
209.811321 -32.111798
211.037736 -32.115203
212.264151 -32.118607
213.490566 -32.122012
214.716981 -32.125416
215.943396 -32.128821
217.169811 -32.132226
218.396226 -32.135630
219.622642 -32.139035
220.849057 -32.142439
222.075472 -32.145844
223.301887 -32.149249
224.528302 -32.152653
225.754717 -32.156058
226.981132 -32.159462
228.207547 -32.162867
229.433962 -32.166272
230.660377 -32.169676
231.886792 -32.173081
233.113208 -32.176485
234.339623 -32.179890
235.566038 -32.183295
236.792453 -32.186699
238.018868 -32.190104
239.245283 -32.193508
240.471698 -32.196913
241.698113 -32.200317
242.924528 -32.203722
244.150943 -32.207127
245.377358 -32.210531
246.603774 -32.213936
247.830189 -32.217340
249.056604 -32.220745
250.283019 -32.224150
251.509434 -32.227554
252.735849 -32.230959
253.962264 -32.234363
255.188679 -32.237768
256.415094 -32.241173
257.641509 -32.244577
258.867925 -32.247982
260.094340 -32.251386
261.320755 -32.254791
262.547170 -32.258196
263.773585 -32.261600
265.000000 -32.265005
266.226415 -32.268409
267.452830 -32.271814
268.679245 -32.275219
269.905660 -32.278623
271.132075 -32.282028
272.358491 -32.285432
273.584906 -32.288837
274.811321 -32.292241
276.037736 -32.295646
277.264151 -32.299051
278.490566 -32.302455
279.716981 -32.305860
280.943396 -32.309264
282.169811 -32.312669
283.396226 -32.316074
284.622642 -32.319478
285.849057 -32.322883
287.075472 -32.326287
288.301887 -32.329692
289.528302 -32.333097
290.754717 -32.336501
291.981132 -32.336957
293.207547 -32.234342
294.433962 -31.934738
295.660377 -31.880435
296.886792 -31.880435
298.113208 -31.880435
299.339623 -31.880435
300.566038 -31.874255
301.792453 -31.849288
303.018868 -31.788182
304.245283 -31.768208
305.471698 -31.967944
306.698113 -32.100144
307.924528 -32.178120
309.150943 -32.134427
310.377358 -32.090735
311.603774 -32.047043
312.830189 -32.003350
314.056604 -31.959658
315.283019 -31.914171
316.509434 -31.839270
317.735849 -31.964262
318.962264 -32.258373
320.188679 -32.008703
321.415094 -31.880435
322.641509 -31.880435
323.867925 -31.880435
325.094340 -31.880435
326.320755 -31.880435
327.547170 -31.880435
328.773585 -31.880435
330.000000 -31.880435
331.226415 -31.880435
332.452830 -31.880435
333.679245 -31.880435
334.905660 -31.931617
336.132075 -31.994035
337.358491 -32.056452
338.584906 -32.032078
339.811321 -31.975934
341.037736 -31.901033
342.264151 -31.808030
343.490566 -31.718212
344.716981 -31.668278
345.943396 -31.584513
347.169811 -31.492323
348.396226 -31.442389
349.622642 -31.596934
350.849057 -31.845044
352.075472 -31.870011
353.301887 -31.473223
354.528302 -30.765346
355.754717 -29.916468
356.981132 -29.508382
358.207547 -29.483415
359.433962 -29.458448
360.660377 -29.445652
361.886792 -29.445652
363.113208 -29.397528
364.339623 -29.369565
365.566038 -29.369565
366.792453 -29.323813
368.018868 -29.293478
369.245283 -29.293478
370.471698 -29.250098
371.698113 -29.200164
372.924528 -29.150230
374.150943 -29.120800
375.377358 -29.095833
376.603774 -29.070866
377.830189 -29.045899
379.056604 -29.020932
380.283019 -28.995965
381.509434 -28.952866
382.735849 -28.913043
383.962264 -28.913043
385.188679 -28.896097
386.415094 -28.871130
387.641509 -28.846163
388.867925 -28.836957
390.094340 -28.831589
391.320755 -28.781655
392.547170 -28.746295
393.773585 -28.719830
395.000000 -28.669896
396.226415 -28.633351
397.452830 -28.608071
398.679245 -28.558137
399.905660 -28.508203
401.132075 -28.458269
402.358491 -28.432429
403.584906 -28.418478
404.811321 -28.418478
406.037736 -28.395571
407.264151 -28.380435
408.490566 -28.380435
409.716981 -28.358713
410.943396 -28.333746
412.169811 -28.308779
413.396226 -28.304348
414.622642 -28.289430
415.849057 -28.239496
417.075472 -28.208911
418.301887 -28.190217
419.528302 -28.190217
420.754717 -28.172054
421.981132 -28.147087
423.207547 -28.122120
424.433962 -28.097153
425.660377 -28.072186
426.886792 -28.047219
428.113208 -28.038043
429.339623 -28.035328
430.566038 -28.010361
431.792453 -27.985394
433.018868 -27.960427
434.245283 -27.935460
435.471698 -28.648580
436.698113 -29.995769
437.924528 -31.269086
439.150943 -30.633926
440.377358 -28.012390
441.603774 -30.288101
442.830189 -31.607982
444.056604 -31.508114
445.283019 -30.376017
446.509434 -30.079658
447.735849 -31.203173
448.962264 -31.608856
450.188679 -31.804348
451.415094 -31.804348
452.641509 -29.624291
453.867925 -27.764249
455.094340 -27.739282
456.320755 -27.694934
457.547170 -27.651305
458.773585 -27.626338
460.000000 -27.619565
461.226415 -27.901068
462.452830 -29.274254
463.679245 -30.511369
464.905660 -31.484271
466.132075 -31.384403
467.358491 -30.556684
468.584906 -29.445652
469.811321 -29.445652
471.037736 -30.177498
472.264151 -31.357189
473.490566 -31.506991
474.716981 -31.683695
475.943396 -31.881933
477.169811 -31.981801
478.396226 -30.511743
479.622642 -27.415834
480.849057 -27.291062
482.075472 -27.277174
483.301887 -27.277174
484.528302 -28.678322
485.754717 -30.171630
486.981132 -31.619717
488.207547 -30.453758
489.433962 -29.933258
490.660377 -31.331410
491.886792 -30.340220
493.113208 -29.278436
494.339623 -29.228502
495.566038 -30.343279
496.792453 -31.480931
498.018868 -31.705635
499.245283 -29.451613
500.471698 -26.929633
501.698113 -26.904666
502.924528 -26.862659
504.150943 -26.816689
505.377358 -26.791722
506.603774 -26.750901
507.830189 -26.706522
509.056604 -26.706522
510.283019 -26.677186
511.509434 -26.628843
512.735849 -26.603876
513.962264 -26.578909
515.188679 -26.553942
516.415094 -26.528975
517.641509 -26.516304
518.867925 -26.516304
520.094340 -26.516304
521.320755 -26.505194
522.547170 -26.480227
523.773585 -26.455260
525.000000 -26.430293
526.226415 -26.405326
527.452830 -26.402174
528.679245 -26.393435
529.905660 -26.368468
531.132075 -26.343501
532.358491 -26.318534
533.584906 -26.293567
534.811321 -26.288043
536.037736 -26.281677
537.264151 -26.256710
538.490566 -26.231743
539.716981 -26.211957
540.943396 -26.211957
542.169811 -26.211957
543.396226 -26.211957
544.622642 -26.211957
545.849057 -26.196071
547.075472 -26.171104
548.301887 -26.146137
549.528302 -26.121170
550.754717 -26.097826
551.981132 -26.097826
553.207547 -26.084313
554.433962 -26.059346
555.660377 -26.034379
556.886792 -26.021739
558.113208 -26.021739
559.339623 -26.021739
560.566038 -26.021739
561.792453 -26.021739
563.018868 -25.998707
564.245283 -25.973740
565.471698 -25.948773
566.698113 -25.945652
567.924528 -25.945652
569.150943 -25.945652
570.377358 -25.945652
571.603774 -25.938068
572.830189 -25.913101
574.056604 -25.907609
575.283019 -25.901211
576.509434 -25.876244
577.735849 -25.869565
578.962264 -25.869565
580.188679 -25.869565
581.415094 -25.869565
582.641509 -26.497610
583.867925 -30.392464
585.094340 -31.804348
586.320755 -31.781628
587.547170 -31.581892
588.773585 -31.455808
590.000000 -31.384216
591.226415 -31.359248
592.452830 -31.347826
593.679245 -31.314121
594.905660 -29.516496
596.132075 -29.646824
597.358491 -31.744053
598.584906 -33.380546
599.811321 -34.266001
601.037736 -34.241034
602.264151 -34.377510
603.490566 -34.387497
604.716981 -34.187761
605.943396 -31.734659
607.169811 -30.397863
608.396226 -31.696147
609.622642 -31.897787
610.849057 -31.979429
612.075472 -32.304000
613.301887 -28.922531
614.528302 -25.641304
615.754717 -25.641304
616.981132 -25.604665
618.207547 -25.565217
619.433962 -25.565217
620.660377 -29.574482
621.886792 -34.236134
623.113208 -32.813015
624.339623 -32.091593
625.566038 -31.666530
626.792453 -30.468114
628.018868 -28.206852
629.245283 -25.566403
630.471698 -27.838401
631.698113 -28.712090
632.924528 -28.417979
634.150943 -28.393012
635.377358 -29.607033
636.603774 -32.078766
637.830189 -32.316702
639.056604 -32.726754
640.283019 -33.425830
641.509434 -32.531387
642.735849 -31.868388
643.962264 -31.743553
645.188679 -31.793987
646.415094 -31.921880
647.641509 -32.146583
648.867925 -33.490307
650.094340 -34.596814
651.320755 -34.646748
652.547170 -34.657609
653.773585 -33.042555
655.000000 -26.800803
656.226415 -25.128388
657.452830 -25.108696
658.679245 -25.108696
659.905660 -27.305792
661.132075 -30.481128
662.358491 -33.552070
663.584906 -34.657609
664.811321 -34.289002
666.037736 -31.118192
667.264151 -27.991761
668.490566 -25.106979
669.716981 -25.082012
670.943396 -25.070652
672.169811 -25.071183
673.396226 -25.096150
674.622642 -28.213967
675.849057 -34.455719
677.075472 -34.619565
678.301887 -31.788307
679.528302 -25.496621
680.754717 -25.032609
681.981132 -25.032609
683.207547 -25.032609
684.433962 -25.010669
685.660377 -27.236977
686.886792 -33.553630
688.113208 -34.619565
689.339623 -32.669517
690.566038 -26.327897
691.792453 -24.956522
693.018868 -24.956522
694.245283 -24.956522
695.471698 -24.956522
696.698113 -24.956522
697.924528 -24.956522
699.150943 -29.324313
700.377358 -34.619565
701.603774 -34.619565
702.830189 -30.553001
704.056604 -24.956522
705.283019 -24.956522
706.509434 -24.956522
707.735849 -24.956522
708.962264 -24.956522
710.188679 -28.447908
711.415094 -34.695090
712.641509 -34.670123
713.867925 -34.632704
715.094340 -34.582770
716.320755 -28.471471
717.547170 -26.429638
718.773585 -29.525547
720.000000 -29.750000
721.226415 -29.750000
722.452830 -29.750000
723.679245 -32.518342
724.905660 -34.570162
726.132075 -34.645063
727.358491 -34.678394
728.584906 -32.729968
729.811321 -26.363381
731.037736 -24.994565
732.264151 -24.994565
733.490566 -24.994565
734.716981 -28.069564
735.943396 -31.630671
737.169811 -32.953922
738.396226 -32.795632
739.622642 -32.067188
740.849057 -31.817518
742.075472 -31.664096
743.301887 -31.564228
744.528302 -31.464360
745.754717 -31.394202
746.981132 -31.048971
748.207547 -26.854514
749.433962 -28.428559
750.660377 -34.620751
751.886792 -34.670685
753.113208 -31.474908
754.339623 -25.033420
755.566038 -29.145892
756.792453 -31.526746
758.018868 -31.501779
759.245283 -31.685505
760.471698 -31.966134
761.698113 -32.365606
762.924528 -32.061009
764.150943 -31.750794
765.377358 -31.600992
766.603774 -31.721801
767.830189 -31.873350
769.056604 -31.973218
770.283019 -32.014196
771.509434 -30.807041
772.735849 -26.138210
773.962264 -24.900034
775.188679 -24.880435
776.415094 -24.880435
777.641509 -27.848887
778.867925 -31.532644
780.094340 -32.181787
781.320755 -32.413043
782.547170 -32.350127
783.773585 -31.825819
785.000000 -30.259452
786.226415 -28.304223
787.452830 -30.401452
788.679245 -31.484833
789.905660 -31.730133
791.132075 -31.805034
792.358491 -31.980053
793.584906 -32.254690
794.811321 -33.676374
796.037736 -31.635196
797.264151 -25.393444
798.490566 -24.956522
799.716981 -24.956522
800.943396 -24.956522
802.169811 -24.956522
803.396226 -24.956522
804.622642 -24.956522
805.849057 -24.977369
807.075472 -25.002336
808.301887 -25.027303
809.528302 -25.032609
810.754717 -25.032609
811.981132 -25.032609
813.207547 -29.706932
814.433962 -34.641411
815.660377 -34.566510
816.886792 -34.457030
818.113208 -33.830826
819.339623 -30.734917
820.566038 -27.719527
821.792453 -25.108696
823.018868 -25.108696
824.245283 -25.108696
825.471698 -25.108696
826.698113 -25.108696
827.924528 -25.108696
829.150943 -25.269920
830.377358 -31.411804
831.603774 -34.454845
832.830189 -34.429878
834.056604 -31.399227
835.283019 -31.052435
836.509434 -33.998542
837.735849 -34.317340
838.962264 -34.432001
840.188679 -34.531869
841.415094 -34.631737
842.641509 -32.439633
843.867925 -26.172914
845.094340 -25.125860
846.320755 -25.108696
847.547170 -25.108696
848.773585 -27.629365
850.000000 -30.792060
851.226415 -33.863002
852.452830 -34.546568
853.679245 -33.755988
854.905660 -30.660079
856.132075 -29.694636
857.358491 -29.673913
858.584906 -29.673913
859.811321 -31.706914
861.037736 -34.470450
862.264151 -34.495417
863.490566 -30.783135
864.716981 -25.032609
865.943396 -25.032609
867.169811 -25.032609
868.396226 -25.031922
869.622642 -25.006955
870.849057 -28.126271
872.075472 -34.343056
873.301887 -34.442924
874.528302 -34.440739
875.754717 -34.465706
876.981132 -32.744543
878.207547 -31.652174
879.433962 -31.652174
880.660377 -31.784749
881.886792 -31.826319
883.113208 -31.676517
884.339623 -31.652174
885.566038 -31.652174
886.792453 -31.652174
888.018868 -33.032849
889.245283 -34.308570
890.471698 -34.283603
891.698113 -34.258636
892.924528 -33.878669
894.150943 -32.230847
895.377358 -28.535480
896.603774 -24.728261
897.830189 -24.728261
899.056604 -24.728261
900.283019 -25.306029
901.509434 -29.974859
902.735849 -31.842391
903.962264 -31.863332
905.188679 -32.137969
906.415094 -32.288458
907.641509 -32.358491
908.867925 -33.107501
910.094340 -32.948711
911.320755 -31.900096
912.547170 -29.357051
913.773585 -26.945362
915.000000 -24.723299
916.226415 -26.627626
917.452830 -28.896378
918.679245 -31.268244
919.905660 -31.737187
921.132075 -32.414417
922.358491 -33.887470
923.584906 -34.313470
924.811321 -34.467391
926.037736 -34.467391
927.264151 -33.341348
928.490566 -32.278877
929.716981 -32.203976
930.943396 -31.776260
932.169811 -31.397261
933.396226 -31.621964
934.622642 -31.533768
935.849057 -31.356440
937.075472 -31.406374
938.301887 -31.488702
939.528302 -31.569845
940.754717 -31.519911
941.981132 -28.557763
943.207547 -24.041543
944.433962 -24.016576
945.660377 -23.991609
946.886792 -23.966642
948.113208 -23.941675
949.339623 -23.916708
950.566038 -23.891741
951.792453 -23.866774
953.018868 -23.853261
954.245283 -23.853261
955.471698 -23.829917
956.698113 -23.804950
957.924528 -23.779983
959.150943 -23.755016
960.377358 -23.730049
961.603774 -23.705082
962.830189 -23.701087
964.056604 -23.693191
965.283019 -23.668224
966.509434 -23.643257
967.735849 -23.625000
968.962264 -23.625000
970.188679 -23.606400
971.415094 -23.581433
972.641509 -23.556466
973.867925 -23.531499
975.094340 -23.506532
976.320755 -23.481565
977.547170 -23.472826
978.773585 -23.469674
980.000000 -23.444707
981.226415 -23.419740
982.452830 -23.396739
983.679245 -23.396739
984.905660 -23.396739
986.132075 -23.396739
987.358491 -23.396739
988.584906 -23.384068
989.811321 -23.359101
991.037736 -23.334134
992.264151 -23.309167
993.490566 -23.284200
994.716981 -23.259233
995.943396 -23.244565
997.169811 -23.244565
998.396226 -23.244565
999.622642 -23.244565
1000.849057 -23.244565
1002.075472 -23.244565
1003.301887 -23.236638
1004.528302 -23.211671
1005.754717 -23.186704
1006.981132 -23.909998
1008.207547 -26.656369
1009.433962 -27.334629
1010.660377 -27.315217
1011.886792 -27.315217
1013.113208 -27.297772
1014.339623 -27.797112
1015.566038 -30.768186
1016.792453 -28.097122
1018.018868 -23.130435
1019.245283 -23.130435
1020.471698 -23.130435
1021.698113 -23.126440
1022.924528 -23.076506
1024.150943 -23.040460
1025.377358 -23.016304
1026.603774 -23.016304
1027.830189 -23.016304
1029.056604 -23.016304
1030.283019 -26.114960
1031.509434 -27.775235
1032.735849 -27.700333
1033.962264 -24.769831
1035.188679 -22.940217
1036.415094 -22.940217
1037.641509 -22.940217
1038.867925 -22.940217
1040.094340 -22.940217
1041.320755 -27.862338
1042.547170 -31.770767
1043.773585 -31.546064
1045.000000 -31.460302
1046.226415 -30.658643
1047.452830 -27.837371
1048.679245 -27.125000
1049.905660 -27.125000
1051.132075 -27.125000
1052.358491 -27.125000
1053.584906 -27.613448
1054.811321 -30.384786
1056.037736 -31.396699
1057.264151 -31.484458
1058.490566 -31.659227
1059.716981 -28.178577
1060.943396 -22.788043
1062.169811 -22.788043
1063.396226 -22.788043
1064.622642 -22.788886
1065.849057 -22.813853
1067.075472 -25.754717
1068.301887 -31.497129
1069.528302 -31.477592
1070.754717 -31.400819
1071.981132 -31.350885
1073.207547 -31.347826
1074.433962 -31.347826
1075.660377 -31.347826
1076.886792 -31.347826
1078.113208 -31.402878
1079.339623 -31.552680
1080.566038 -31.807812
1081.792453 -31.994565
1083.018868 -31.994565
1084.245283 -27.143850
1085.471698 -22.705153
1086.698113 -22.680186
1087.924528 -22.655219
1089.150943 -23.933530
1090.377358 -29.700909
1091.603774 -31.598994
1092.830189 -31.751168
1094.056604 -31.451564
1095.283019 -31.347826
1096.509434 -31.347826
1097.735849 -31.347826
1098.962264 -31.347826
1100.188679 -31.351946
1101.415094 -31.401880
1102.641509 -31.479714
1103.867925 -31.371607
1105.094340 -25.529327
1106.320755 -22.661149
1107.547170 -22.636182
1108.773585 -22.635870
1110.000000 -22.624291
1111.226415 -22.599324
1112.452830 -22.574357
1113.679245 -22.559783
1114.905660 -22.559783
1116.132075 -22.559783
1117.358491 -22.559783
1118.584906 -22.559783
1119.811321 -22.559783
1121.037736 -22.559783
1122.264151 -22.559783
1123.490566 -22.559783
1124.716981 -22.559783
1125.943396 -22.559783
1127.169811 -22.559783
1128.396226 -22.559783
1129.622642 -22.559783
1130.849057 -22.559783
1132.075472 -22.559783
1133.301887 -22.559783
1134.528302 -22.559783
1135.754717 -22.559783
1136.981132 -22.559783
1138.207547 -22.559783
1139.433962 -22.559783
1140.660377 -22.559783
1141.886792 -22.559783
1143.113208 -22.559783
1144.339623 -22.559783
1145.566038 -22.559783
1146.792453 -22.559783
1148.018868 -22.559783
1149.245283 -22.548173
1150.471698 -22.523206
1151.698113 -22.498239
1152.924528 -23.724119
1154.150943 -26.695193
1155.377358 -24.377786
1156.603774 -23.602561
1157.830189 -26.523701
1159.056604 -26.951698
1160.283019 -27.965421
1161.509434 -31.161198
1162.735849 -29.510972
1163.962264 -26.543643
1165.188679 -23.322899
1166.415094 -22.521739
1167.641509 -22.521739
1168.867925 -22.521739
1170.094340 -22.504169
1171.320755 -22.483696
1172.547170 -22.483696
1173.773585 -22.467311
1175.000000 -22.445652
1176.226415 -22.445652
1177.452830 -26.412504
1178.679245 -32.096992
1179.905660 -28.826314
1181.132075 -25.555636
1182.358491 -22.407609
1183.584906 -22.407609
1184.811321 -22.407609
1186.037736 -22.407609
1187.264151 -22.407609
1188.490566 -25.166494
1189.716981 -31.083675
1190.943396 -31.659227
1192.169811 -31.678889
1193.396226 -31.379285
1194.622642 -31.347826
1195.849057 -31.347826
1197.075472 -31.347826
1198.301887 -31.347826
1199.528302 -31.372075
1200.754717 -31.446976
1201.981132 -31.501904
1203.207547 -29.882731
1204.433962 -23.890649
1205.660377 -22.370033
1206.886792 -22.331522
1208.113208 -22.331522
1209.339623 -22.331522
1210.566038 -23.458314
1211.792453 -29.675099
1213.018868 -31.804348
1214.245283 -31.774294
1215.471698 -31.549591
1216.698113 -31.431497
1217.924528 -31.129614
1219.150943 -28.158541
1220.377358 -26.858696
1221.603774 -26.858696
1222.830189 -26.858696
1224.056604 -28.375941
1225.283019 -31.322048
1226.509434 -31.422072
1227.735849 -31.543661
1228.962264 -31.718430
1230.188679 -31.775386
1231.415094 -29.193298
1232.641509 -22.976513
1233.867925 -22.331522
1235.094340 -22.331522
1236.320755 -22.331522
1237.547170 -22.352712
1238.773585 -23.327050
1240.000000 -26.273157
1241.226415 -26.858696
1242.452830 -27.676240
1243.679245 -30.622347
1244.905660 -31.573653
1246.132075 -30.368745
1247.358491 -24.126993
1248.584906 -22.293478
1249.811321 -22.293478
1251.037736 -22.293478
1252.264151 -22.293478
1253.490566 -22.290108
1254.716981 -22.265141
1255.943396 -22.255435
1257.169811 -22.255435
1258.396226 -22.255435
1259.622642 -22.255435
1260.849057 -22.254436
1262.075472 -22.229469
1263.301887 -22.204502
1264.528302 -22.179535
1265.754717 -22.179348
1266.981132 -22.179348
1268.207547 -22.179348
1269.433962 -22.179348
1270.660377 -22.179348
1271.886792 -22.179348
1273.113208 -22.179348
1274.339623 -22.179348
1275.566038 -22.179348
1276.792453 -22.158126
1278.018868 -22.133159
1279.245283 -22.108192
1280.471698 -22.103261
1281.698113 -22.103261
1282.924528 -22.103261
1284.150943 -22.103261
1285.377358 -22.103261
1286.603774 -22.103261
1287.830189 -22.103261
1289.056604 -22.103261
1290.283019 -22.103261
1291.509434 -22.086783
1292.735849 -22.061816
1293.962264 -22.036849
1295.188679 -22.027174
1296.415094 -22.024958
1297.641509 -21.999991
1298.867925 -21.989130
1300.094340 -21.991190
1301.320755 -22.041124
1302.547170 -22.065217
1303.773585 -22.065217
1305.000000 -22.065217
1306.226415 -25.057513
1307.452830 -31.424100
1308.679245 -31.789929
1309.905660 -29.072271
1311.132075 -22.605816
1312.358491 -21.951087
1313.584906 -21.951087
1314.811321 -21.951087
1316.037736 -21.929834
1317.264151 -21.904867
1318.490566 -21.879900
1319.716981 -21.875000
1320.943396 -21.875000
1322.169811 -21.875000
1323.396226 -21.893881
1324.622642 -22.708305
1325.849057 -26.128785
1327.075472 -24.647649
1328.301887 -21.798913
1329.528302 -21.798913
1330.754717 -21.798913
1331.981132 -21.798913
1333.207547 -21.798913
1334.433962 -21.814237
1335.660377 -22.398714
1336.886792 -28.640466
1338.113208 -31.347826
1339.339623 -31.347826
1340.566038 -31.347826
1341.792453 -31.347826
1343.018868 -31.347826
1344.245283 -31.496879
1345.471698 -31.623150
1346.698113 -31.723018
1347.924528 -31.609980
1349.150943 -31.612102
1350.377358 -31.786871
1351.603774 -25.804776
1352.830189 -21.646739
1354.056604 -21.646739
1355.283019 -21.625455
1356.509434 -21.600488
1357.735849 -21.575521
1358.962264 -21.570652
1360.188679 -23.410409
1361.415094 -29.951765
1362.641509 -31.538043
1363.867925 -30.756014
1365.094340 -27.410435
1366.320755 -28.726946
1367.547170 -30.743312
1368.773585 -27.497601
1370.000000 -28.651701
1371.226415 -31.579551
1372.452830 -31.604518
1373.679245 -31.752323
1374.905660 -31.323171
1376.132075 -24.382343
1377.358491 -21.366266
1378.584906 -21.341299
1379.811321 -21.316332
1381.037736 -21.291365
1382.264151 -21.266398
1383.490566 -21.266304
1384.716981 -21.278101
1385.943396 -21.303068
1387.169811 -24.431091
1388.396226 -26.315476
1389.622642 -26.290509
1390.849057 -29.550763
1392.075472 -29.165335
1393.301887 -22.174573
1394.528302 -21.109543
1395.754717 -21.076087
1396.981132 -21.076087
1398.207547 -21.055957
1399.433962 -21.023937
1400.660377 -20.974003
1401.886792 -20.943013
1403.113208 -20.918046
1404.339623 -20.893079
1405.566038 -20.885870
1406.792453 -20.881188
1408.018868 -20.856221
1409.245283 -20.847826
1410.471698 -20.844331
1411.698113 -20.819364
1412.924528 -20.794397
1414.150943 -20.769430
1415.377358 -20.744463
1416.603774 -20.719496
1417.830189 -20.695652
1419.056604 -20.695652
1420.283019 -20.682638
1421.509434 -20.657671
1422.735849 -20.632704
1423.962264 -20.595909
1425.188679 -20.545975
1426.415094 -20.496041
1427.641509 -20.456749
1428.867925 -20.431782
1430.094340 -20.429348
1431.320755 -20.419892
1432.547170 -20.394925
1433.773585 -20.369958
1435.000000 -20.353261
1436.226415 -20.353261
1437.452830 -20.333100
1438.679245 -20.301049
1439.905660 -20.251115
1441.132075 -20.201181
1442.358491 -20.163043
1443.584906 -20.163043
1444.811321 -20.127465
1446.037736 -20.086957
1447.264151 -20.086957
1448.490566 -20.086957
1449.716981 -20.079903
1450.943396 -20.029969
1452.169811 -20.010870
1453.396226 -20.708385
1454.622642 -28.148554
1455.849057 -31.504369
1457.075472 -31.404876
1458.301887 -23.590202
1459.528302 -19.819560
1460.754717 -19.744659
1461.981132 -19.719629
1463.207547 -19.694662
1464.433962 -19.669695
1465.660377 -19.644728
1466.886792 -19.609088
1468.113208 -19.559154
1469.339623 -19.554348
1470.566038 -19.554348
1471.792453 -19.554348
1473.018868 -26.758734
1474.245283 -29.552480
1475.471698 -21.063697
1476.698113 -19.399833
1477.924528 -19.357015
1479.150943 -19.332048
1480.377358 -19.288075
1481.603774 -19.244070
1482.830189 -19.219103
1484.056604 -24.985702
1485.283019 -31.519069
1486.509434 -31.419201
1487.735849 -31.369235
1488.962264 -30.775021
1490.188679 -26.755332
1491.415094 -25.207378
1492.641509 -25.569025
1493.867925 -29.613680
1495.094340 -29.023054
1496.320755 -25.362579
1497.547170 -29.906574
1498.773585 -32.070652
1500.000000 -32.070652
