5.000000 -0.899696
6.226415 -0.902763
7.452830 -0.905720
8.679245 -0.902736
9.905660 -0.902736
11.132075 -0.902736
12.358491 -0.907673
13.584906 -0.993921
14.811321 -0.993921
16.037736 -1.011694
17.264151 -1.232514
18.490566 -1.453334
19.716981 -1.648810
20.943396 -1.614221
22.169811 -1.455543
23.396226 -1.425734
24.622642 -1.234287
25.849057 -1.118334
27.075472 -1.035272
28.301887 -0.872340
29.528302 -0.872889
30.754717 -0.875380
31.981132 -0.879604
33.207547 -1.009577
34.433962 -1.448629
35.660377 -1.478575
36.886792 -1.483996
38.113208 -1.527053
39.339623 -1.567481
40.566038 -1.223984
41.792453 -0.948782
43.018868 -0.935514
44.245283 -1.067747
45.471698 -1.069909
46.698113 -1.355269
47.924528 -2.000000
49.150943 -1.901918
50.377358 -1.597268
51.603774 -1.292619
52.830189 -1.093155
54.056604 -1.093380
55.283019 -1.098389
56.509434 -1.104912
57.735849 -1.113641
58.962264 -1.117915
60.188679 -1.100598
61.415094 -1.092619
62.641509 -1.113018
63.867925 -1.085416
65.094340 -1.082005
66.320755 -1.105493
67.547170 -1.105710
68.773585 -1.095651
70.000000 -1.098718
71.226415 -1.095861
72.452830 -1.133424
73.679245 -1.174317
74.905660 -1.170374
76.132075 -1.166431
77.358491 -1.162487
78.584906 -1.158544
79.811321 -1.154601
81.037736 -1.150658
82.264151 -1.146715
83.490566 -1.142771
84.716981 -1.138828
85.943396 -1.134885
87.169811 -1.130942
88.396226 -1.126998
89.622642 -1.123055
90.849057 -1.119112
92.075472 -1.115169
93.301887 -1.111226
94.528302 -1.107282
95.754717 -1.103339
96.981132 -1.099396
98.207547 -1.095453
99.433962 -1.094225
100.660377 -1.094225
101.886792 -1.094225
103.113208 -1.026204
104.339623 -0.660086
105.566038 -0.534954
106.792453 -0.532678
108.018868 -0.531915
109.245283 -0.531915
110.471698 -0.680519
111.698113 -0.976345
112.924528 -1.055247
114.150943 -1.030899
115.377358 -1.532830
116.603774 -1.650456
117.830189 -1.501577
119.056604 -1.463472
120.283019 -1.307313
121.509434 -1.271818
122.735849 -1.275783
123.962264 -1.196780
125.188679 -1.110148
126.415094 -1.100304
127.641509 -1.253900
128.867925 -1.270517
130.094340 -1.192183
131.320755 -1.264512
132.547170 -1.273369
133.773585 -1.273556
135.000000 -1.276464
136.226415 -1.276596
137.452830 -1.276596
138.679245 -1.276596
139.905660 -1.273579
141.132075 -1.273556
142.358491 -1.273556
143.584906 -1.273556
144.811321 -1.273556
146.037736 -1.273671
147.264151 -1.276454
148.490566 -1.273556
149.716981 -1.273556
150.943396 -1.273556
152.169811 -1.273556
153.396226 -1.273277
154.622642 -1.270517
155.849057 -1.270851
157.075472 -1.273918
158.301887 -1.276985
159.528302 -1.279635
160.754717 -1.279191
161.981132 -1.276596
163.207547 -1.277094
164.433962 -1.279635
165.660377 -1.279082
166.886792 -1.276015
168.113208 -1.273556
169.339623 -1.273556
170.566038 -1.273556
171.792453 -1.273556
173.018868 -1.273556
174.245283 -1.274302
175.471698 -1.277369
176.698113 -1.279635
177.924528 -1.279635
179.150943 -1.279635
180.377358 -1.277870
181.603774 -1.273556
182.830189 -1.273556
184.056604 -1.273556
185.283019 -1.273556
186.509434 -1.273556
187.735849 -1.273556
188.962264 -1.273556
190.188679 -1.273556
191.415094 -1.273556
192.641509 -1.273556
193.867925 -1.273556
195.094340 -1.272344
196.320755 -1.271756
197.547170 -1.273556
198.773585 -1.274850
200.000000 -1.276596
201.226415 -1.275247
202.452830 -1.273556
203.679245 -1.272152
204.905660 -1.271948
206.132075 -1.273556
207.358491 -1.273556
208.584906 -1.273556
209.811321 -1.272015
211.037736 -1.272085
212.264151 -1.273556
213.490566 -1.273556
214.716981 -1.276858
215.943396 -1.281313
217.169811 -1.279264
218.396226 -1.274863
219.622642 -1.173215
220.849057 -1.096728
222.075472 -1.094225
223.301887 -0.873106
224.528302 -0.729483
225.754717 -0.729483
226.981132 -0.729483
228.207547 -0.784150
229.433962 -0.998711
230.660377 -1.099272
231.886792 -1.157274
233.113208 -1.127672
234.339623 -1.219406
235.566038 -1.271439
236.792453 -1.270517
238.018868 -1.270517
239.245283 -1.011009
240.471698 -0.909627
241.698113 -0.908815
242.924528 -0.908815
244.150943 -0.978083
245.377358 -1.058409
246.603774 -1.064169
247.830189 -1.060790
249.056604 -1.072883
250.283019 -1.036851
251.509434 -0.928416
252.735849 -0.908276
253.962264 -0.911343
255.188679 -1.065201
256.415094 -1.171721
257.641509 -1.266340
258.867925 -1.276997
260.094340 -1.121997
261.320755 -0.930650
262.547170 -0.906094
263.773585 -0.908523
265.000000 -0.906039
266.226415 -0.911380
267.452830 -0.911854
268.679245 -0.994721
269.905660 -1.086548
271.132075 -1.091185
272.358491 -1.091185
273.584906 -1.002169
274.811321 -0.913156
276.037736 -0.999494
277.264151 -1.094813
278.490566 -1.273594
279.716981 -1.276596
280.943396 -1.276503
282.169811 -1.273556
283.396226 -1.273556
284.622642 -1.273556
285.849057 -1.273556
287.075472 -1.273556
288.301887 -1.273556
289.528302 -1.273556
290.754717 -1.273868
291.981132 -1.276596
293.207547 -1.276596
294.433962 -1.276596
295.660377 -1.276596
296.886792 -1.276147
298.113208 -1.273556
299.339623 -1.273556
300.566038 -1.274087
301.792453 -1.276596
303.018868 -1.276010
304.245283 -1.273556
305.471698 -1.273556
306.698113 -1.274224
307.924528 -1.275900
309.150943 -1.273556
310.377358 -1.273556
311.603774 -1.273556
312.830189 -1.273556
314.056604 -1.272723
315.283019 -1.271377
316.509434 -1.273556
317.735849 -1.273556
318.962264 -1.273556
320.188679 -1.273556
321.415094 -1.273556
322.641509 -1.273556
323.867925 -1.273556
325.094340 -1.273556
326.320755 -1.273556
327.547170 -1.273556
328.773585 -1.273556
330.000000 -1.273556
331.226415 -1.273556
332.452830 -1.273556
333.679245 -1.273556
334.905660 -1.273556
336.132075 -1.273556
337.358491 -1.272202
338.584906 -1.271898
339.811321 -1.273556
341.037736 -1.273556
342.264151 -1.275020
343.490566 -1.276596
344.716981 -1.276596
345.943396 -1.278142
347.169811 -1.279635
348.396226 -1.279635
349.622642 -1.276379
350.849057 -1.225542
352.075472 -1.185410
353.301887 -1.134095
354.528302 -1.092487
355.754717 -1.091185
356.981132 -1.089393
358.207547 -1.088146
359.433962 -0.980982
360.660377 -0.911854
361.886792 -0.906147
363.113208 -0.790800
364.339623 -0.838013
365.566038 -0.903666
366.792453 -0.968154
368.018868 -1.065269
369.245283 -1.217154
370.471698 -1.273556
371.698113 -1.273556
372.924528 -1.017783
374.150943 -0.907501
375.377358 -0.901367
376.603774 -0.904159
377.830189 -1.025505
379.056604 -1.064583
380.283019 -1.063830
381.509434 -1.063830
382.735849 -1.068567
383.962264 -1.084286
385.188679 -1.088146
386.415094 -0.945984
387.641509 -0.906897
388.867925 -0.900763
390.094340 -0.904763
391.320755 -0.910897
392.547170 -1.144792
393.773585 -1.112173
395.000000 -1.097661
396.226415 -1.094594
397.452830 -1.091527
398.679245 -1.091185
399.905660 -1.091185
401.132075 -1.096746
402.358491 -1.097264
403.584906 -1.094429
404.811321 -1.094225
406.037736 -0.828354
407.264151 -0.732904
408.490566 -0.729483
409.716981 -0.729483
410.943396 -1.092437
412.169811 -1.097264
413.396226 -1.101142
414.622642 -1.269330
415.849057 -1.185410
417.075472 -1.185410
418.301887 -1.185410
419.528302 -1.189669
420.754717 -1.270696
421.981132 -1.273556
423.207547 -1.273556
424.433962 -1.273556
425.660377 -1.273267
426.886792 -1.261650
428.113208 -1.185410
429.339623 -1.195813
430.566038 -1.270916
431.792453 -1.273556
433.018868 -1.273556
434.245283 -1.273075
435.471698 -1.270517
436.698113 -1.270517
437.924528 -1.270517
439.150943 -1.271108
440.377358 -1.273556
441.603774 -1.274202
442.830189 -1.275923
444.056604 -1.272856
445.283019 -1.250130
446.509434 -1.206565
447.735849 -1.271300
448.962264 -1.273556
450.188679 -1.273556
451.415094 -1.273556
452.641509 -1.273556
453.867925 -1.273556
455.094340 -1.272609
456.320755 -1.271492
457.547170 -1.273556
458.773585 -1.273556
460.000000 -1.273556
461.226415 -1.273556
462.452830 -1.272444
463.679245 -1.270517
464.905660 -1.270517
466.132075 -1.270517
467.358491 -1.270517
468.584906 -1.271766
469.811321 -1.272280
471.037736 -1.270517
472.264151 -1.270517
473.490566 -1.232467
474.716981 -1.185410
475.943396 -1.224996
477.169811 -1.230163
478.396226 -1.185410
479.622642 -1.185410
480.849057 -1.185410
482.075472 -1.140434
483.301887 -1.094108
484.528302 -1.089580
485.754717 -1.088146
486.981132 -0.991829
488.207547 -0.911854
489.433962 -0.911854
490.660377 -0.962399
491.886792 -1.051340
493.113208 -1.036010
494.339623 -0.835732
495.566038 -0.726444
496.792453 -0.724564
498.018868 -0.723404
499.245283 -0.963334
500.471698 -1.098342
501.698113 -1.099254
502.924528 -1.213267
504.150943 -1.270517
505.377358 -1.272589
506.603774 -1.151786
507.830189 -1.029203
509.056604 -1.062476
510.283019 -1.024875
511.509434 -1.000000
512.735849 -1.055916
513.962264 -1.064668
515.188679 -1.060790
516.415094 -1.063109
517.641509 -1.054444
518.867925 -0.942479
520.094340 -0.907052
521.320755 -0.905775
522.547170 -1.053138
523.773585 -1.093113
525.000000 -1.169552
526.226415 -1.114337
527.452830 -1.097738
528.679245 -1.092078
529.905660 -1.091185
531.132075 -1.011744
532.358491 -1.000000
533.584906 -0.921616
534.811321 -0.991034
536.037736 -0.920025
537.264151 -1.073395
538.490566 -0.753445
539.716981 -0.726444
540.943396 -0.726444
542.169811 -0.723549
543.396226 -1.077005
544.622642 -1.094135
545.849057 -1.097202
547.075472 -1.100269
548.301887 -1.185201
549.528302 -1.185969
550.754717 -1.270517
551.981132 -1.270517
553.207547 -1.270517
554.433962 -1.263256
555.660377 -1.100304
556.886792 -1.100304
558.113208 -1.100304
559.339623 -1.100304
560.566038 -1.100304
561.792453 -1.100304
563.018868 -1.109310
564.245283 -1.185410
565.471698 -1.185410
566.698113 -1.185410
567.924528 -1.173332
569.150943 -1.100304
570.377358 -1.100304
571.603774 -1.100304
572.830189 -1.100304
574.056604 -1.100304
575.283019 -1.100304
576.509434 -1.100304
577.735849 -1.100304
578.962264 -1.138284
580.188679 -1.270517
581.415094 -1.249991
582.641509 -1.185410
583.867925 -1.185410
585.094340 -1.208240
586.320755 -1.223321
587.547170 -1.100304
588.773585 -1.100304
590.000000 -1.099379
591.226415 -1.097264
592.452830 -1.098244
593.679245 -1.100304
594.905660 -1.100304
596.132075 -1.100304
597.358491 -1.100304
598.584906 -1.100304
599.811321 -1.100304
601.037736 -1.100304
602.264151 -1.100304
603.490566 -1.099077
604.716981 -1.097264
605.943396 -1.098546
607.169811 -1.136958
608.396226 -1.185410
609.622642 -1.223600
610.849057 -1.231559
612.075472 -1.185410
613.301887 -1.227350
614.528302 -1.276503
615.754717 -1.279635
616.981132 -1.276578
618.207547 -1.180202
619.433962 -1.091185
620.660377 -1.091185
621.886792 -0.992894
623.113208 -0.908815
624.339623 -1.010398
625.566038 -1.092906
626.792453 -1.092477
628.018868 -1.037925
629.245283 -0.947720
630.471698 -0.910024
631.698113 -0.906957
632.924528 -0.905775
634.150943 -0.905775
635.377358 -0.909655
636.603774 -1.031861
637.830189 -1.210966
639.056604 -1.270517
640.283019 -1.028662
641.509434 -0.907700
642.735849 -0.842641
643.962264 -0.752765
645.188679 -0.957492
646.415094 -1.060419
647.641509 -1.063830
648.867925 -1.063830
650.094340 -1.075175
651.320755 -1.085917
652.547170 -1.090470
653.773585 -1.020646
655.000000 -0.931016
656.226415 -0.902229
657.452830 -0.904563
658.679245 -0.908236
659.905660 -1.065588
661.132075 -1.243710
662.358491 -1.126044
663.584906 -1.097264
664.811321 -0.938776
666.037736 -0.909229
667.264151 -0.908815
668.490566 -0.908815
669.716981 -0.990051
670.943396 -1.079324
672.169811 -1.090909
673.396226 -1.007480
674.622642 -0.915472
675.849057 -0.905970
677.075472 -0.908648
678.301887 -0.911714
679.528302 -1.090420
680.754717 -1.268639
681.981132 -1.273556
683.207547 -1.273556
684.433962 -1.270519
685.660377 -1.273556
686.886792 -1.273556
688.113208 -1.273556
689.339623 -1.273556
690.566038 -1.273556
691.792453 -1.273556
693.018868 -1.273556
694.245283 -1.273339
695.471698 -1.270517
696.698113 -1.270517
697.924528 -1.270816
699.150943 -1.273556
700.377358 -1.273556
701.603774 -1.273556
702.830189 -1.273556
704.056604 -1.273556
705.283019 -1.273556
706.509434 -1.274047
707.735849 -1.277114
708.962264 -1.279635
710.188679 -1.279635
711.415094 -1.279635
712.641509 -1.279007
713.867925 -1.275940
715.094340 -1.273556
716.320755 -1.274267
717.547170 -1.276596
718.773585 -1.276596
720.000000 -1.276596
721.226415 -1.275775
722.452830 -1.273556
723.679245 -1.273556
724.905660 -1.273556
726.132075 -1.273556
727.358491 -1.273556
728.584906 -1.273556
729.811321 -1.272544
731.037736 -1.270517
732.264151 -1.270517
733.490566 -1.239867
734.716981 -1.216828
735.943396 -1.271666
737.169811 -1.272379
738.396226 -1.270517
739.622642 -1.236027
740.849057 -1.185410
742.075472 -1.185410
743.301887 -1.222204
744.528302 -1.271858
745.754717 -1.273556
746.981132 -1.272160
748.207547 -1.230651
749.433962 -1.143326
750.660377 -1.095786
751.886792 -1.094225
753.113208 -1.092691
754.339623 -1.089625
755.566038 -0.996023
756.792453 -0.910238
758.018868 -0.908815
759.245283 -0.908815
760.471698 -0.908815
761.698113 -0.907089
762.924528 -0.905775
764.150943 -0.907555
765.377358 -0.910622
766.603774 -1.020130
767.830189 -1.094911
769.056604 -1.152075
770.283019 -1.239099
771.509434 -1.216060
772.735849 -1.130185
773.962264 -1.098304
775.188679 -0.969553
776.415094 -0.905775
777.641509 -0.905775
778.867925 -0.907885
780.094340 -1.017796
781.320755 -1.061665
782.547170 -1.060790
783.773585 -1.060790
785.000000 -1.060790
786.226415 -0.947089
787.452830 -0.911116
788.679245 -1.053916
789.905660 -1.231574
791.132075 -1.280052
792.358491 -1.422522
793.584906 -1.315090
794.811321 -1.272237
796.037736 -1.130884
797.264151 -1.092741
798.490566 -1.014736
799.716981 -1.000000
800.943396 -0.924508
802.169811 -0.911854
803.396226 -0.911854
804.622642 -1.070295
805.849057 -0.931126
807.075472 -0.903633
808.301887 -0.902736
809.528302 -0.902736
810.754717 -0.905558
811.981132 -0.994125
813.207547 -1.092078
814.433962 -1.181506
815.660377 -1.267515
816.886792 -1.273476
818.113208 -1.273556
819.339623 -1.273556
820.566038 -1.276596
821.792453 -1.276596
823.018868 -1.276596
824.245283 -1.276511
825.471698 -1.273556
826.698113 -1.273556
827.924528 -1.273556
829.150943 -1.273751
830.377358 -1.276596
831.603774 -1.276596
832.830189 -1.276596
834.056604 -1.276292
835.283019 -1.273556
836.509434 -1.273556
837.735849 -1.273556
838.962264 -1.273556
840.188679 -1.273998
841.415094 -1.276596
842.641509 -1.277588
843.867925 -1.282675
845.094340 -1.282675
846.320755 -1.282096
847.547170 -1.278423
848.773585 -1.273556
850.000000 -1.273556
851.226415 -1.273556
852.452830 -1.273556
853.679245 -1.273556
854.905660 -1.273556
856.132075 -1.274354
857.358491 -1.276596
858.584906 -1.275743
859.811321 -1.273556
861.037736 -1.273556
862.264151 -1.272621
863.490566 -1.270517
864.716981 -1.215082
865.943396 -1.128789
867.169811 -1.156157
868.396226 -1.100304
869.622642 -1.100304
870.849057 -1.099177
872.075472 -1.098419
873.301887 -1.100304
874.528302 -1.100304
875.754717 -1.100304
876.981132 -1.135701
878.207547 -1.185410
879.433962 -1.185410
880.660377 -1.185410
881.886792 -1.223879
883.113208 -1.271918
884.339623 -1.192118
885.566038 -1.095935
886.792453 -1.002169
888.018868 -0.908815
889.245283 -0.908815
890.471698 -0.910380
891.698113 -1.004266
892.924528 -1.088146
894.150943 -1.040349
895.377358 -0.951408
896.603774 -0.911854
897.830189 -0.910124
899.056604 -0.905299
900.283019 -0.902736
901.509434 -0.902736
902.735849 -0.906416
903.962264 -1.022738
905.188679 -1.151076
906.415094 -1.185410
907.641509 -1.066468
908.867925 -0.938704
910.094340 -0.903770
911.320755 -0.900703
912.547170 -0.990318
913.773585 -1.058479
915.000000 -1.065680
916.226415 -1.063830
917.452830 -1.074676
918.679245 -1.032896
919.905660 -1.070801
921.132075 -1.091185
922.358491 -1.022815
923.584906 -0.926194
924.811321 -0.902736
926.037736 -0.907458
927.264151 -1.052138
928.490566 -1.236155
929.716981 -1.134272
930.943396 -1.095362
932.169811 -1.089228
933.396226 -0.941646
934.622642 -0.911854
935.849057 -0.909273
937.075472 -0.911423
938.301887 -0.911854
939.528302 -0.909191
940.754717 -0.906124
941.981132 -0.903057
943.207547 -0.905481
944.433962 -0.908548
945.660377 -0.992819
946.886792 -1.087655
948.113208 -1.099935
949.339623 -1.261720
950.566038 -1.270517
951.792453 -1.270517
953.018868 -1.270517
954.245283 -1.270517
955.471698 -1.273536
956.698113 -1.273556
957.924528 -1.273556
959.150943 -1.273556
960.377358 -1.273556
961.603774 -1.273556
962.830189 -1.273556
964.056604 -1.273556
965.283019 -1.273556
966.509434 -1.273556
967.735849 -1.273556
968.962264 -1.273838
970.188679 -1.276287
971.415094 -1.273556
972.641509 -1.273556
973.867925 -1.273165
975.094340 -1.270517
976.320755 -1.270517
977.547170 -1.270990
978.773585 -1.273556
980.000000 -1.273556
981.226415 -1.274112
982.452830 -1.276596
983.679245 -1.276596
984.905660 -1.276596
986.132075 -1.275930
987.358491 -1.272863
988.584906 -1.271237
989.811321 -1.273556
991.037736 -1.274332
992.264151 -1.276596
993.490566 -1.276596
994.716981 -1.275738
995.943396 -1.273556
997.169811 -1.273556
998.396226 -1.272616
999.622642 -1.271484
1000.849057 -1.273556
1002.075472 -1.273556
1003.301887 -1.213721
1004.528302 -1.099227
1005.754717 -1.097264
1006.981132 -1.096132
1008.207547 -1.093065
1009.433962 -1.092372
1010.660377 -0.948508
1011.886792 -0.729483
1013.113208 -0.729483
1014.339623 -0.729483
1015.566038 -0.888366
1016.792453 -1.096928
1018.018868 -1.100304
1019.245283 -1.139680
1020.471698 -1.225555
1021.698113 -1.271978
1022.924528 -1.273556
1024.150943 -1.187143
1025.377358 -1.100304
1026.603774 -1.095591
1027.830189 -1.091185
1029.056604 -1.092811
1030.283019 -1.095878
1031.509434 -1.146001
1032.735849 -1.234943
1033.962264 -1.273556
1035.188679 -1.063775
1036.415094 -0.908274
1037.641509 -0.903957
1038.867925 -0.900890
1040.094340 -0.907186
1041.320755 -1.023955
1042.547170 -1.093113
1043.773585 -1.094225
1045.000000 -1.092243
1046.226415 -1.091185
1047.452830 -1.060628
1048.679245 -1.057980
1049.905660 -1.059646
1051.132075 -1.049273
1052.358491 -1.056327
1053.584906 -1.008607
1054.811321 -0.932799
1056.037736 -1.177122
1057.264151 -1.273556
1058.490566 -1.273556
1059.716981 -1.065528
1060.943396 -0.932173
1062.169811 -0.911854
1063.396226 -0.981272
1064.622642 -1.075055
1065.849057 -1.094225
1067.075472 -1.091749
1068.301887 -1.093689
1069.528302 -1.091694
1070.754717 -1.091185
1071.981132 -0.938629
1073.207547 -0.909241
1074.433962 -0.908815
1075.660377 -1.071562
1076.886792 -1.099616
1078.113208 -1.255506
1079.339623 -1.273556
1080.566038 -1.109672
1081.792453 -1.094225
1083.018868 -1.091392
1084.245283 -1.005386
1085.471698 -1.000000
1086.698113 -1.000000
1087.924528 -1.000000
1089.150943 -0.913879
1090.377358 -0.908857
1091.603774 -0.905790
1092.830189 -0.902760
1094.056604 -0.908815
1095.283019 -0.912787
1096.509434 -1.088525
1097.735849 -1.107268
1098.962264 -1.273556
1100.188679 -1.273556
1101.415094 -1.273556
1102.641509 -1.273556
1103.867925 -1.273556
1105.094340 -1.273556
1106.320755 -1.273870
1107.547170 -1.276596
1108.773585 -1.276596
1110.000000 -1.276596
1111.226415 -1.276172
1112.452830 -1.273556
1113.679245 -1.273556
1114.905660 -1.273556
1116.132075 -1.273556
1117.358491 -1.273556
1118.584906 -1.273556
1119.811321 -1.273556
1121.037736 -1.273556
1122.264151 -1.273556
1123.490566 -1.272858
1124.716981 -1.270517
1125.943396 -1.270517
1127.169811 -1.271297
1128.396226 -1.273556
1129.622642 -1.273556
1130.849057 -1.273556
1132.075472 -1.273556
1133.301887 -1.273556
1134.528302 -1.273556
1135.754717 -1.273556
1136.981132 -1.214564
1138.207547 -1.094225
1139.433962 -1.093170
1140.660377 -1.091185
1141.886792 -1.091185
1143.113208 -0.954744
1144.339623 -0.726444
1145.566038 -0.726444
1146.792453 -0.726444
1148.018868 -0.726444
1149.245283 -0.881890
1150.471698 -1.097264
1151.698113 -1.098593
1152.924528 -1.100304
1154.150943 -1.100304
1155.377358 -1.139820
1156.603774 -1.145126
1157.830189 -1.098838
1159.056604 -1.094277
1160.283019 -1.094227
1161.509434 -1.098813
1162.735849 -1.100304
1163.962264 -1.100304
1165.188679 -1.100304
1166.415094 -1.148390
1167.641509 -1.235646
1168.867925 -1.172489
1170.094340 -1.092484
1171.320755 -1.038150
1172.547170 -0.947937
1173.773585 -0.911854
1175.000000 -0.910004
1176.226415 -0.908815
1177.452830 -0.906910
1178.679245 -0.905775
1179.905660 -0.976330
1181.132075 -1.046994
1182.358491 -1.055771
1183.584906 -1.053714
1184.811321 -1.069198
1186.037736 -1.052921
1187.264151 -1.080793
1188.490566 -1.097264
1189.716981 -1.097264
1190.943396 -0.962656
1192.169811 -0.907386
1193.396226 -0.903514
1194.622642 -0.902736
1195.849057 -1.044037
1197.075472 -1.090490
1198.301887 -1.093557
1199.528302 -1.091826
1200.754717 -1.093612
1201.981132 -1.096678
1203.207547 -1.097264
1204.433962 -1.092248
1205.660377 -0.941571
1206.886792 -0.829830
1208.113208 -0.889720
1209.339623 -0.907972
1210.566038 -0.988181
1211.792453 -1.213838
1213.018868 -1.240461
1214.245283 -1.111913
1215.471698 -1.091754
1216.698113 -1.091185
1217.924528 -1.091185
1219.150943 -1.091185
1220.377358 -1.091185
1221.603774 -0.744097
1222.830189 -0.729364
1224.056604 -0.812006
1225.283019 -0.897881
1226.509434 -1.151873
1227.735849 -1.100483
1228.962264 -1.097264
1230.188679 -1.097309
1231.415094 -1.102907
1232.641509 -1.209627
1233.867925 -1.206560
1235.094340 -1.203493
1236.320755 -1.200244
1237.547170 -1.194319
1238.773585 -1.191252
1240.000000 -1.188186
1241.226415 -1.185119
1242.452830 -1.182052
1243.679245 -1.179331
1244.905660 -1.179331
1246.132075 -1.179331
1247.358491 -1.179760
1248.584906 -1.182827
1249.811321 -1.184927
1251.037736 -1.181860
1252.264151 -1.178254
1253.490566 -1.171554
1254.716981 -1.162947
1255.943396 -1.156813
1257.169811 -1.151327
1258.396226 -1.147585
1259.622642 -1.142857
1260.849057 -1.143588
1262.075472 -1.146655
1263.301887 -1.148936
1264.528302 -1.148936
1265.754717 -1.148096
1266.981132 -1.145029
1268.207547 -1.141962
1269.433962 -1.138895
1270.660377 -1.136778
1271.886792 -1.123094
1273.113208 -1.094225
1274.339623 -1.094225
1275.566038 -1.093165
1276.792453 -1.091185
1278.018868 -0.957437
1279.245283 -0.726444
1280.471698 -0.726444
1281.698113 -0.726444
1282.924528 -0.836629
1284.150943 -1.040055
1285.377358 -1.097264
1286.603774 -1.097264
1287.830189 -1.097264
1289.056604 -1.102710
1290.283019 -1.108034
1291.509434 -1.103550
1292.735849 -1.098860
1293.962264 -1.092851
1295.188679 -1.088146
1296.415094 -1.086620
1297.641509 -1.083553
1298.867925 -1.083648
1300.094340 -1.086715
1301.320755 -1.089782
1302.547170 -1.089522
1303.773585 -1.081384
1305.000000 -1.072552
1306.226415 -1.066418
1307.452830 -1.060284
1308.679245 -1.014544
1309.905660 -0.940938
1311.132075 -0.911854
1312.358491 -0.994686
1313.584906 -0.961554
1314.811321 -1.016474
1316.037736 -1.058304
1317.264151 -1.046640
1318.490566 -1.047612
1319.716981 -1.062962
1320.943396 -1.130071
1322.169811 -1.076078
1323.396226 -1.039514
1324.622642 -1.035200
1325.849057 -1.031250
1327.075472 -1.014913
1328.301887 -0.968814
1329.528302 -0.922676
1330.754717 -0.911854
1331.981132 -0.911854
1333.207547 -0.972924
1334.433962 -0.986129
1335.660377 -0.979995
1336.886792 -0.978723
1338.113208 -0.973806
1339.339623 -0.970158
1340.566038 -0.921850
1341.792453 -0.911854
1343.018868 -0.965787
1344.245283 -0.983471
1345.471698 -0.987426
1346.698113 -0.985191
1347.924528 -0.982124
1349.150943 -0.973647
1350.377358 -0.961713
1351.603774 -0.957726
1352.830189 -0.954659
1354.056604 -0.951592
1355.283019 -0.948525
1356.509434 -0.822050
1357.735849 -0.895717
1358.962264 -0.902621
1360.188679 -0.899783
1361.415094 -0.935452
1362.641509 -0.930156
1363.867925 -0.927057
1365.094340 -0.927052
1366.320755 -0.929745
1367.547170 -1.091185
1368.773585 -1.091185
1370.000000 -1.091318
1371.226415 -1.094225
1372.452830 -1.094225
1373.679245 -1.094010
1374.905660 -1.090944
1376.132075 -1.072527
1377.358491 -0.911557
1378.584906 -0.908815
1379.811321 -0.908463
1381.037736 -0.905775
1382.264151 -0.905775
1383.490566 -0.906209
1384.716981 -0.908815
1385.943396 -0.908815
1387.169811 -0.909331
1388.396226 -0.911854
1389.622642 -0.911854
1390.849057 -0.911854
1392.075472 -0.930004
1393.301887 -1.000000
1394.528302 -0.980259
1395.754717 -0.932390
1396.981132 -0.977933
1398.207547 -0.908052
1399.433962 -0.905775
1400.660377 -0.905775
1401.886792 -0.905775
1403.113208 -0.906648
1404.339623 -0.907014
1405.566038 -0.873981
1406.792453 -0.805646
1408.018868 -0.798410
1409.245283 -0.796353
1410.471698 -0.787017
1411.698113 -0.765803
1412.924528 -0.757694
1414.150943 -0.752680
1415.377358 -0.749613
1416.603774 -0.809964
1417.830189 -0.910016
1419.056604 -0.911854
1420.283019 -0.911854
1421.509434 -0.949094
1422.735849 -1.000000
1423.962264 -0.961170
1425.188679 -0.911854
1426.415094 -0.909066
1427.641509 -0.905775
1428.867925 -0.907224
1430.094340 -0.910291
1431.320755 -0.911854
1432.547170 -0.911854
1433.773585 -0.911854
1435.000000 -0.910268
1436.226415 -0.903975
1437.452830 -0.794692
1438.679245 -0.701831
1439.905660 -0.695697
1441.132075 -0.691286
1442.358491 -0.707474
1443.584906 -0.720365
1444.811321 -0.720365
1446.037736 -0.720365
1447.264151 -0.720365
1448.490566 -0.937432
1449.716981 -1.058419
1450.943396 -1.051672
1452.169811 -1.055611
1453.396226 -1.079721
1454.622642 -0.370399
1455.849057 -0.011855
1457.075472 -0.015944
1458.301887 -0.020033
1459.528302 -0.019142
1460.754717 -0.020399
1461.981132 -0.021277
1463.207547 -0.021277
1464.433962 -0.021277
1465.660377 -0.021277
1466.886792 -0.021277
1468.113208 -0.021277
1469.339623 -0.021277
1470.566038 -0.021277
1471.792453 -0.021277
1473.018868 -0.035893
1474.245283 -0.024733
1475.471698 -0.021277
1476.698113 -0.021277
1477.924528 -0.021277
1479.150943 -0.021277
1480.377358 -0.018676
1481.603774 -0.020865
1482.830189 -0.021277
1484.056604 -0.013228
1485.283019 -0.001317
1486.509434 -0.019165
1487.735849 -0.021277
1488.962264 -0.021277
1490.188679 -0.021277
1491.415094 -0.021277
1492.641509 -0.021277
1493.867925 -0.021277
1495.094340 -0.021277
1496.320755 -0.021277
1497.547170 -0.021277
1498.773585 -0.021277
1500.000000 -0.021277
