5.000000 -7.182081
6.226415 -8.281354
7.452830 -9.380628
8.679245 -10.479902
9.905660 -11.579175
11.132075 -12.678449
12.358491 -13.763532
13.584906 -14.101770
14.811321 -15.158584
16.037736 -16.652967
17.264151 -18.049429
18.490566 -19.052830
19.716981 -19.925560
20.943396 -20.771155
22.169811 -21.664161
23.396226 -22.420743
24.622642 -23.097220
25.849057 -23.731042
27.075472 -24.244706
28.301887 -24.864809
29.528302 -25.339526
30.754717 -25.771811
31.981132 -26.207776
33.207547 -26.635856
34.433962 -27.008588
35.660377 -27.459572
36.886792 -27.861042
38.113208 -28.217205
39.339623 -28.555443
40.566038 -28.869201
41.792453 -29.136018
43.018868 -29.530629
44.245283 -29.773548
45.471698 -29.979290
46.698113 -30.190813
47.924528 -30.416305
49.150943 -30.635490
50.377358 -30.804609
51.603774 -30.947921
52.830189 -31.109129
54.056604 -31.248761
55.283019 -31.370718
56.509434 -31.511651
57.735849 -31.652583
58.962264 -31.767183
60.188679 -31.879929
61.415094 -31.992675
62.641509 -32.095684
63.867925 -32.176039
65.094340 -32.232412
66.320755 -32.315644
67.547170 -32.357550
68.773585 -32.401531
70.000000 -32.457904
71.226415 -32.514277
72.452830 -32.570650
73.679245 -32.627023
74.905660 -32.683396
76.132075 -32.739769
77.358491 -32.774566
78.584906 -32.779822
79.811321 -32.808009
81.037736 -32.864105
82.264151 -32.920478
83.490566 -32.976851
84.716981 -33.010597
85.943396 -33.016378
87.169811 -33.045063
88.396226 -33.129622
89.622642 -33.168375
90.849057 -33.179191
92.075472 -33.202869
93.301887 -33.246628
94.528302 -33.246628
95.754717 -33.246628
96.981132 -33.246628
98.207547 -33.246628
99.433962 -33.246628
100.660377 -33.260293
101.886792 -33.314066
103.113208 -33.314066
104.339623 -33.314066
105.566038 -33.332488
106.792453 -33.347784
108.018868 -33.355142
109.245283 -33.381503
110.471698 -33.381503
111.698113 -33.381503
112.924528 -33.419398
114.150943 -33.448940
115.377358 -33.441057
116.603774 -33.412870
117.830189 -33.384684
119.056604 -33.381503
120.283019 -33.381503
121.509434 -33.381503
122.735849 -33.398321
123.962264 -33.448940
125.188679 -33.448940
126.415094 -33.448940
127.641509 -33.408943
128.867925 -33.381503
130.094340 -33.381503
131.320755 -33.384905
132.547170 -33.413092
133.773585 -33.441278
135.000000 -33.448940
136.226415 -33.418956
137.452830 -33.381503
138.679245 -33.381503
139.905660 -33.381503
141.132075 -33.354921
142.358491 -33.326734
143.584906 -33.329583
144.811321 -33.347784
146.037736 -33.347784
147.264151 -33.347784
148.490566 -33.347784
149.716981 -33.347784
150.943396 -33.331741
152.169811 -33.314066
153.396226 -33.304108
154.622642 -33.247735
155.849057 -33.246628
157.075472 -33.246628
158.301887 -33.263197
159.528302 -33.280347
160.754717 -33.274842
161.981132 -33.246656
163.207547 -33.246628
164.433962 -33.246628
165.660377 -33.246628
166.886792 -33.235066
168.113208 -33.206879
169.339623 -33.179191
170.566038 -33.179191
171.792453 -33.132886
173.018868 -33.111753
174.245283 -33.111753
175.471698 -33.098642
176.698113 -33.043293
177.924528 -33.015106
179.150943 -33.010597
180.377358 -33.010597
181.603774 -33.010597
182.830189 -33.003516
184.056604 -32.976879
185.283019 -32.976879
186.509434 -32.976879
187.735849 -32.939536
188.962264 -32.909441
190.188679 -32.909441
191.415094 -32.909441
192.641509 -32.909441
193.867925 -32.909441
195.094340 -32.890245
196.320755 -32.834729
197.547170 -32.774566
198.773585 -32.771966
200.000000 -32.743780
201.226415 -32.715593
202.452830 -32.707129
203.679245 -32.707129
204.905660 -32.707129
206.132075 -32.707129
207.358491 -32.707129
208.584906 -32.655569
209.811321 -32.639692
211.037736 -32.624976
212.264151 -32.596790
213.490566 -32.568603
214.716981 -32.540417
215.943396 -32.512230
217.169811 -32.504817
218.396226 -32.474335
219.622642 -32.437380
220.849057 -32.437380
222.075472 -32.437380
223.301887 -32.383717
224.528302 -32.348643
225.754717 -32.320457
226.981132 -32.282036
228.207547 -32.230365
229.433962 -32.202179
230.660377 -32.173992
231.886792 -32.167630
233.113208 -32.135045
234.339623 -32.100193
235.566038 -32.094965
236.792453 -32.066778
238.018868 -32.038592
239.245283 -32.010405
240.471698 -31.965401
241.698113 -31.920314
242.924528 -31.892127
244.150943 -31.863941
245.377358 -31.835754
246.603774 -31.830443
247.830189 -31.795756
249.056604 -31.751195
250.283019 -31.716729
251.509434 -31.660356
252.735849 -31.603983
253.962264 -31.571011
255.188679 -31.560694
256.415094 -31.548357
257.641509 -31.520170
258.867925 -31.491984
260.094340 -31.463797
261.320755 -31.411684
262.547170 -31.355311
263.773585 -31.311800
265.000000 -31.290944
266.226415 -31.287348
267.452830 -31.230975
268.679245 -31.223507
269.905660 -31.204587
271.132075 -31.176400
272.358491 -31.148214
273.584906 -31.117704
274.811321 -31.061331
276.037736 -31.029935
277.264151 -31.001749
278.490566 -30.973562
279.716981 -30.945376
280.943396 -30.914340
282.169811 -30.857967
283.396226 -30.801594
284.622642 -30.745221
285.849057 -30.703287
287.075472 -30.675101
288.301887 -30.646914
289.528302 -30.618728
290.754717 -30.564512
291.981132 -30.549133
293.207547 -30.534168
294.433962 -30.496549
295.660377 -30.440176
296.886792 -30.383803
298.113208 -30.353985
299.339623 -30.346821
300.566038 -30.315841
301.792453 -30.279383
303.018868 -30.274958
304.245283 -30.246771
305.471698 -30.218585
306.698113 -30.168850
307.924528 -30.112477
309.150943 -30.056104
310.377358 -30.004683
311.603774 -29.976496
312.830189 -29.920704
314.056604 -29.886404
315.283019 -29.841677
316.509434 -29.796313
317.735849 -29.768126
318.962264 -29.739940
320.188679 -29.711753
321.415094 -29.683567
322.641509 -29.655380
323.867925 -29.615659
325.094340 -29.565289
326.320755 -29.537102
327.547170 -29.508916
328.773585 -29.457604
330.000000 -29.401231
331.226415 -29.344858
332.452830 -29.295013
333.679245 -29.267823
334.905660 -29.267823
336.132075 -29.220523
337.358491 -29.200385
338.584906 -29.187800
339.811321 -29.152560
341.037736 -29.097708
342.264151 -29.069521
343.490566 -29.041335
344.716981 -28.994505
345.943396 -28.938132
347.169811 -28.881759
348.396226 -28.825386
349.622642 -28.769013
350.849057 -28.712640
352.075472 -28.694605
353.301887 -28.667331
354.528302 -28.627168
355.754717 -28.624595
356.981132 -28.596409
358.207547 -28.568222
359.433962 -28.520341
360.660377 -28.492293
361.886792 -28.475032
363.113208 -28.421757
364.339623 -28.393571
365.566038 -28.365384
366.792453 -28.316978
368.018868 -28.275293
369.245283 -28.247106
370.471698 -28.215296
371.698113 -28.158923
372.924528 -28.128828
374.150943 -28.100642
375.377358 -28.057242
376.603774 -28.000869
377.830189 -27.948645
379.056604 -27.920458
380.283019 -27.892272
381.509434 -27.842814
382.735849 -27.802180
383.962264 -27.773993
385.188679 -27.745807
386.415094 -27.717620
387.641509 -27.689434
388.867925 -27.639451
390.094340 -27.583078
391.320755 -27.548170
392.547170 -27.542969
393.773585 -27.514783
395.000000 -27.486596
396.226415 -27.458410
397.452830 -27.430223
398.679245 -27.402037
399.905660 -27.373850
401.132075 -27.345470
402.358491 -27.289097
403.584906 -27.232724
404.811321 -27.176351
406.037736 -27.119978
407.264151 -27.069857
408.490566 -27.041670
409.716981 -27.013484
410.943396 -26.961924
412.169811 -26.905551
413.396226 -26.861487
414.622642 -26.833300
415.849057 -26.803869
417.075472 -26.747496
418.301887 -26.715022
419.528302 -26.705202
420.754717 -26.679533
421.981132 -26.630462
423.207547 -26.600506
424.433962 -26.544133
425.660377 -26.487760
426.886792 -26.450279
428.113208 -26.422093
429.339623 -26.386078
430.566038 -26.332001
431.792453 -26.303814
433.018868 -26.275628
434.245283 -26.228023
435.471698 -26.185536
436.698113 -26.157350
437.924528 -26.129163
439.150943 -26.100977
440.377358 -26.047314
441.603774 -26.010885
442.830189 -25.982698
444.056604 -25.954512
445.283019 -25.922978
446.509434 -25.866605
447.735849 -25.810232
448.962264 -25.774329
450.188679 -25.746142
451.415094 -25.708551
452.641509 -25.659923
453.867925 -25.659923
455.094340 -25.606869
456.320755 -25.592486
457.547170 -25.561561
458.773585 -25.515118
460.000000 -25.486931
461.226415 -25.458745
462.452830 -25.430558
463.679245 -25.402372
464.905660 -25.374185
466.132075 -25.335543
467.358491 -25.284094
468.584906 -25.255907
469.811321 -25.227721
471.037736 -25.199534
472.264151 -25.154834
473.490566 -25.109442
474.716981 -25.081256
475.943396 -25.053069
477.169811 -25.024883
478.396226 -24.996696
479.622642 -24.951471
480.849057 -24.895098
482.075472 -24.844700
483.301887 -24.816513
484.528302 -24.788327
485.754717 -24.737043
486.981132 -24.698235
488.207547 -24.682081
489.433962 -24.669080
490.660377 -24.613675
491.886792 -24.585489
493.113208 -24.557302
494.339623 -24.529116
495.566038 -24.488371
496.792453 -24.439024
498.018868 -24.412331
499.245283 -24.412331
500.471698 -24.364035
501.698113 -24.326278
502.924528 -24.285008
504.150943 -24.236187
505.377358 -24.208000
506.603774 -24.179814
507.830189 -24.126953
509.056604 -24.070580
510.283019 -24.027817
511.509434 -23.999630
512.735849 -23.971444
513.962264 -23.943257
515.188679 -23.915071
516.415094 -23.886884
517.641509 -23.858698
518.867925 -23.821909
520.094340 -23.765536
521.320755 -23.709163
522.547170 -23.678514
523.773585 -23.670520
525.000000 -23.655860
526.226415 -23.627673
527.452830 -23.599487
528.679245 -23.571300
529.905660 -23.543114
531.132075 -23.494209
532.358491 -23.453022
533.584906 -23.415182
534.811321 -23.367052
536.037736 -23.367052
537.264151 -23.313500
538.490566 -23.257127
539.716981 -23.232177
540.943396 -23.211819
542.169811 -23.160093
543.396226 -23.131906
544.622642 -23.076418
545.849057 -23.041815
547.075472 -23.013628
548.301887 -22.985442
549.528302 -22.962428
550.754717 -22.962428
551.981132 -22.906774
553.207547 -22.872696
554.433962 -22.844509
555.660377 -22.805092
556.886792 -22.748719
558.113208 -22.692346
559.339623 -22.635973
560.566038 -22.602421
561.792453 -22.574234
563.018868 -22.546048
564.245283 -22.517861
565.471698 -22.489675
566.698113 -22.461488
567.924528 -22.433302
569.150943 -22.387301
570.377358 -22.330928
571.603774 -22.281305
572.830189 -22.253118
574.056604 -22.224932
575.283019 -22.172874
576.509434 -22.134840
577.735849 -22.106653
578.962264 -22.078467
580.188679 -22.050280
581.415094 -22.022094
582.641509 -21.969511
583.867925 -21.932002
585.094340 -21.903816
586.320755 -21.875629
587.547170 -21.849711
588.773585 -21.849711
590.000000 -21.799866
591.226415 -21.762883
592.452830 -21.720839
593.679245 -21.681118
594.905660 -21.675530
596.132075 -21.619157
597.358491 -21.588232
598.584906 -21.579961
599.811321 -21.551194
601.037736 -21.494821
602.264151 -21.441767
603.490566 -21.413581
604.716981 -21.385394
605.943396 -21.316325
607.169811 -21.261584
608.396226 -21.233398
609.622642 -21.205211
610.849057 -21.177025
612.075472 -21.175337
613.301887 -21.133403
614.528302 -21.107900
615.754717 -21.088095
616.981132 -21.040462
618.207547 -21.040462
619.433962 -21.013438
620.660377 -20.985251
621.886792 -20.957065
623.113208 -20.918450
624.339623 -20.862077
625.566038 -20.805704
626.792453 -20.749331
628.018868 -20.714976
629.245283 -20.686790
630.471698 -20.658603
631.698113 -20.624995
632.924528 -20.568622
634.150943 -20.568401
635.377358 -20.545857
636.603774 -20.517671
637.830189 -20.489484
639.056604 -20.461298
640.283019 -20.433111
641.509434 -20.404925
642.735849 -20.353669
643.962264 -20.332370
645.188679 -20.308360
646.415094 -20.258460
647.641509 -20.231214
648.867925 -20.231214
650.094340 -20.207619
651.320755 -20.161370
652.547170 -20.117527
653.773585 -20.089341
655.000000 -20.059688
656.226415 -20.003315
657.452830 -19.971063
658.679245 -19.961464
659.905660 -19.935352
661.132075 -19.886503
662.358491 -19.856325
663.584906 -19.799952
664.811321 -19.743579
666.037736 -19.706320
667.264151 -19.678133
668.490566 -19.641897
669.716981 -19.585524
670.943396 -19.529151
672.169811 -19.472778
673.396226 -19.436045
674.622642 -19.407858
675.849057 -19.379672
677.075472 -19.354528
678.301887 -19.354528
679.528302 -19.303134
680.754717 -19.266926
681.981132 -19.238739
683.207547 -19.210553
684.433962 -19.178798
685.660377 -19.122425
686.886792 -19.066052
688.113208 -19.009679
689.339623 -18.968464
690.566038 -18.949904
691.792453 -18.941716
693.018868 -18.885343
694.245283 -18.882466
695.471698 -18.861250
696.698113 -18.833064
697.924528 -18.804877
699.150943 -18.776691
700.377358 -18.748504
701.603774 -18.720318
702.830189 -18.670390
704.056604 -18.630226
705.283019 -18.602040
706.509434 -18.568708
707.735849 -18.512335
708.962264 -18.483761
710.188679 -18.455575
711.415094 -18.427388
712.641509 -18.387999
713.867925 -18.337297
715.094340 -18.309110
716.320755 -18.280924
717.547170 -18.252737
718.773585 -18.207290
720.000000 -18.162646
721.226415 -18.134459
722.452830 -18.106273
723.679245 -18.078086
724.905660 -18.049900
726.132075 -18.039499
727.358491 -18.014991
728.584906 -17.972062
729.811321 -17.969683
731.037736 -17.913310
732.264151 -17.880781
733.490566 -17.852594
734.716981 -17.824408
735.943396 -17.796221
737.169811 -17.768035
738.396226 -17.739848
739.622642 -17.711662
740.849057 -17.702312
742.075472 -17.675702
743.301887 -17.619329
744.528302 -17.565197
745.754717 -17.537010
746.981132 -17.508824
748.207547 -17.480637
749.433962 -17.438620
750.660377 -17.398844
751.886792 -17.393312
753.113208 -17.336939
754.339623 -17.305986
755.566038 -17.277800
756.792453 -17.249613
758.018868 -17.221427
759.245283 -17.193240
760.471698 -17.165054
761.698113 -17.136867
762.924528 -17.129094
764.150943 -17.114213
765.377358 -17.076677
766.603774 -17.024121
767.830189 -16.995935
769.056604 -16.967748
770.283019 -16.939562
771.509434 -16.911375
772.735849 -16.883189
773.962264 -16.850659
775.188679 -16.794286
776.415094 -16.764910
777.641509 -16.736724
778.867925 -16.692605
780.094340 -16.646632
781.320755 -16.618446
782.547170 -16.590259
783.773585 -16.562073
785.000000 -16.533886
786.226415 -16.505700
787.452830 -16.466587
788.679245 -16.415608
789.905660 -16.387422
791.132075 -16.359235
792.358491 -16.331049
793.584906 -16.302862
794.811321 -16.263224
796.037736 -16.212770
797.264151 -16.184584
798.490566 -16.156397
799.716981 -16.128211
800.943396 -16.117534
802.169811 -16.093579
803.396226 -16.050096
804.622642 -16.049184
805.849057 -16.020997
807.075472 -15.992811
808.301887 -15.964624
809.528302 -15.923935
810.754717 -15.874532
811.981132 -15.846346
813.207547 -15.818159
814.433962 -15.789973
815.660377 -15.761786
816.886792 -15.733600
818.113208 -15.705413
819.339623 -15.677227
820.566038 -15.649040
821.792453 -15.645472
823.018868 -15.607300
824.245283 -15.564481
825.471698 -15.528273
826.698113 -15.474389
827.924528 -15.446203
829.150943 -15.418016
830.377358 -15.389830
831.603774 -15.375723
832.830189 -15.358628
834.056604 -15.308285
835.283019 -15.308285
836.509434 -15.308285
837.735849 -15.268011
838.962264 -15.240848
840.188679 -15.231775
841.415094 -15.203588
842.641509 -15.175402
843.867925 -15.147215
845.094340 -15.119029
846.320755 -15.105973
847.547170 -15.096375
848.773585 -15.068188
850.000000 -15.040002
851.226415 -15.038536
852.452830 -14.996159
853.679245 -14.971098
854.905660 -14.971098
856.132075 -14.961915
857.358491 -14.905542
858.584906 -14.903661
859.811321 -14.881947
861.037736 -14.853761
862.264151 -14.836224
863.490566 -14.825989
864.716981 -14.769616
865.943396 -14.741015
867.169811 -14.690589
868.396226 -14.650923
869.622642 -14.622736
870.849057 -14.594550
872.075472 -14.566474
873.301887 -14.566474
874.528302 -14.543709
875.754717 -14.515523
876.981132 -14.475635
878.207547 -14.431599
879.433962 -14.431599
880.660377 -14.431599
881.886792 -14.385018
883.113208 -14.364162
884.339623 -14.351936
885.566038 -14.323749
886.792453 -14.295563
888.018868 -14.267376
889.245283 -14.239190
890.471698 -14.229287
891.698113 -14.203784
892.924528 -14.161850
894.150943 -14.161850
895.377358 -14.161850
896.603774 -14.161850
897.830189 -14.124231
899.056604 -14.081135
900.283019 -14.060694
901.509434 -14.056268
902.735849 -13.999895
903.962264 -13.993256
905.188679 -13.973921
906.415094 -13.959538
907.641509 -13.942996
908.867925 -13.892100
910.094340 -13.892100
911.320755 -13.866707
912.547170 -13.838521
913.773585 -13.824663
915.000000 -13.807070
916.226415 -13.757225
917.452830 -13.757225
918.679245 -13.731307
919.905660 -13.703121
921.132075 -13.689788
922.358491 -13.680466
923.584906 -13.652280
924.811321 -13.624093
926.037736 -13.622351
927.264151 -13.580527
928.490566 -13.554913
929.716981 -13.554913
930.943396 -13.554913
932.169811 -13.554913
933.396226 -13.554913
934.622642 -13.554913
935.849057 -13.523103
937.075472 -13.487476
938.301887 -13.482635
939.528302 -13.454449
940.754717 -13.426262
941.981132 -13.420039
943.207547 -13.387177
944.433962 -13.352601
945.660377 -13.347235
946.886792 -13.319048
948.113208 -13.290862
949.339623 -13.285164
950.566038 -13.251251
951.792453 -13.217726
953.018868 -13.217726
954.245283 -13.217726
955.471698 -13.217726
956.698113 -13.217726
957.924528 -13.217726
959.150943 -13.205777
960.377358 -13.177590
961.603774 -13.149404
962.830189 -13.121217
964.056604 -13.093031
965.283019 -13.082852
966.509434 -13.057901
967.735849 -13.015414
968.962264 -13.015414
970.188679 -13.015414
971.415094 -13.015414
972.641509 -13.015414
973.867925 -13.015414
975.094340 -13.000477
976.320755 -12.947977
977.547170 -12.947977
978.773585 -12.947977
980.000000 -12.947977
981.226415 -12.947977
982.452830 -12.947977
983.679245 -12.943053
984.905660 -12.886680
986.132075 -12.880539
987.358491 -12.880539
988.584906 -12.880539
989.811321 -12.880539
991.037736 -12.880539
992.264151 -12.880539
993.490566 -12.880539
994.716981 -12.880539
995.943396 -12.880539
997.169811 -12.880539
998.396226 -12.873514
999.622642 -12.817141
1000.849057 -12.813102
1002.075472 -12.771832
1003.301887 -12.745665
1004.528302 -12.745665
1005.754717 -12.745665
1006.981132 -12.745665
1008.207547 -12.745665
1009.433962 -12.745665
1010.660377 -12.745665
1011.886792 -12.745665
1013.113208 -12.745665
1014.339623 -12.745665
1015.566038 -12.718446
1016.792453 -12.690260
1018.018868 -12.678227
1019.245283 -12.667606
1020.471698 -12.644509
1021.698113 -12.644509
1022.924528 -12.644509
1024.150943 -12.644509
1025.377358 -12.644509
1026.603774 -12.644509
1027.830189 -12.644509
1029.056604 -12.644509
1030.283019 -12.644509
1031.509434 -12.644509
1032.735849 -12.644509
1033.962264 -12.644509
1035.188679 -12.644509
1036.415094 -12.644509
1037.641509 -12.644509
1038.867925 -12.644509
1040.094340 -12.644509
1041.320755 -12.644509
1042.547170 -12.644509
1043.773585 -12.644509
1045.000000 -12.644509
1046.226415 -12.644509
1047.452830 -12.644509
1048.679245 -12.644509
1049.905660 -12.644509
1051.132075 -12.644509
1052.358491 -12.644509
1053.584906 -12.644509
1054.811321 -12.644509
1056.037736 -12.657758
1057.264151 -12.678227
1058.490566 -12.680413
1059.716981 -12.708599
1060.943396 -12.736786
1062.169811 -12.745665
1063.396226 -12.745665
1064.622642 -12.745665
1065.849057 -12.745665
1067.075472 -12.745665
1068.301887 -12.745665
1069.528302 -12.745665
1070.754717 -12.745665
1071.981132 -12.745665
1073.207547 -12.745665
1074.433962 -12.745665
1075.660377 -12.745665
1076.886792 -12.745665
1078.113208 -12.760491
1079.339623 -12.788678
1080.566038 -12.816864
1081.792453 -12.845051
1083.018868 -12.873237
1084.245283 -12.880539
1085.471698 -12.880539
1086.698113 -12.880539
1087.924528 -12.880539
1089.150943 -12.880539
1090.377358 -12.907481
1091.603774 -12.935668
1092.830189 -12.947977
1094.056604 -12.968667
1095.283019 -13.015414
1096.509434 -13.015414
1097.735849 -13.015414
1098.962264 -13.015414
1100.188679 -13.015414
1101.415094 -13.026285
1102.641509 -13.054472
1103.867925 -13.082658
1105.094340 -13.082852
1106.320755 -13.105312
1107.547170 -13.133499
1108.773585 -13.150289
1110.000000 -13.156153
1111.226415 -13.184340
1112.452830 -13.212526
1113.679245 -13.217726
1114.905660 -13.217726
1116.132075 -13.217726
1117.358491 -13.217726
1118.584906 -13.219441
1119.811321 -13.275814
1121.037736 -13.285164
1122.264151 -13.303143
1123.490566 -13.331330
1124.716981 -13.359516
1125.943396 -13.387703
1127.169811 -13.415889
1128.396226 -13.420039
1129.622642 -13.438544
1130.849057 -13.466730
1132.075472 -13.494917
1133.301887 -13.523103
1134.528302 -13.551290
1135.754717 -13.554913
1136.981132 -13.592975
1138.207547 -13.622351
1139.433962 -13.622351
1140.660377 -13.622351
1141.886792 -13.622351
1143.113208 -13.672528
1144.339623 -13.689788
1145.566038 -13.703812
1146.792453 -13.731999
1148.018868 -13.760185
1149.245283 -13.788372
1150.471698 -13.816558
1151.698113 -13.824663
1152.924528 -13.853762
1154.150943 -13.892100
1155.377358 -13.892100
1156.603774 -13.892100
1157.830189 -13.944379
1159.056604 -13.980145
1160.283019 -14.008331
1161.509434 -14.026975
1162.735849 -14.030986
1163.962264 -14.059172
1165.188679 -14.087359
1166.415094 -14.094412
1167.641509 -14.094412
1168.867925 -14.114549
1170.094340 -14.161850
1171.320755 -14.161850
1172.547170 -14.189040
1173.773585 -14.217227
1175.000000 -14.229287
1176.226415 -14.250475
1177.452830 -14.296724
1178.679245 -14.296724
1179.905660 -14.324441
1181.132075 -14.352627
1182.358491 -14.380814
1183.584906 -14.409000
1184.811321 -14.431599
1186.037736 -14.431710
1187.264151 -14.488083
1188.490566 -14.499037
1189.716981 -14.516214
1190.943396 -14.556046
1192.169811 -14.606306
1193.396226 -14.634492
1194.622642 -14.662679
1195.849057 -14.714100
1197.075472 -14.735067
1198.301887 -14.747238
1199.528302 -14.768786
1200.754717 -14.770999
1201.981132 -14.827372
1203.207547 -14.836224
1204.433962 -14.854452
1205.660377 -14.882639
1206.886792 -14.910825
1208.113208 -14.940644
1209.339623 -14.997017
1210.566038 -15.029103
1211.792453 -15.076044
1213.018868 -15.105973
1214.245283 -15.113663
1215.471698 -15.141849
1216.698113 -15.170036
1217.924528 -15.198222
1219.150943 -15.226409
1220.377358 -15.254595
1221.603774 -15.282782
1222.830189 -15.310968
1224.056604 -15.339155
1225.283019 -15.367341
1226.509434 -15.415333
1227.735849 -15.443160
1228.962264 -15.460642
1230.188679 -15.510597
1231.415094 -15.510597
1232.641509 -15.536460
1233.867925 -15.564647
1235.094340 -15.592833
1236.320755 -15.621020
1237.547170 -15.649206
1238.773585 -15.677393
1240.000000 -15.731968
1241.226415 -15.767484
1242.452830 -15.795671
1243.679245 -15.823857
1244.905660 -15.847784
1246.132075 -15.847784
1247.358491 -15.901612
1248.584906 -15.915222
1249.811321 -15.915222
1251.037736 -15.935857
1252.264151 -15.987444
1253.490566 -16.015631
1254.716981 -16.043817
1255.943396 -16.072004
1257.169811 -16.100190
1258.396226 -16.139220
1259.622642 -16.184971
1260.849057 -16.184971
1262.075472 -16.240902
1263.301887 -16.252408
1264.528302 -16.269309
1265.754717 -16.297496
1266.981132 -16.325682
1268.207547 -16.353869
1269.433962 -16.382055
1270.660377 -16.387283
1271.886792 -16.422136
1273.113208 -16.454721
1274.339623 -16.454721
1275.566038 -16.455550
1276.792453 -16.483737
1278.018868 -16.511923
1279.245283 -16.540110
1280.471698 -16.568296
1281.698113 -16.589595
1282.924528 -16.592306
1284.150943 -16.648679
1285.377358 -16.681042
1286.603774 -16.727706
1287.830189 -16.758189
1289.056604 -16.773015
1290.283019 -16.827507
1291.509434 -16.855694
1292.735849 -16.883880
1293.962264 -16.912067
1295.188679 -16.926782
1296.415094 -16.934721
1297.641509 -16.962907
1298.867925 -16.991094
1300.094340 -16.994220
1301.320755 -17.013748
1302.547170 -17.041935
1303.773585 -17.070121
1305.000000 -17.098308
1306.226415 -17.126494
1307.452830 -17.129094
1308.679245 -17.149149
1309.905660 -17.191857
1311.132075 -17.239240
1312.358491 -17.267427
1313.584906 -17.295613
1314.811321 -17.349912
1316.037736 -17.385705
1317.264151 -17.398844
1318.490566 -17.417875
1319.716981 -17.466281
1320.943396 -17.466281
1322.169811 -17.466281
1323.396226 -17.508492
1324.622642 -17.533719
1325.849057 -17.533719
1327.075472 -17.542736
1328.301887 -17.599109
1329.528302 -17.628319
1330.754717 -17.678136
1331.981132 -17.702312
1333.207547 -17.723445
1334.433962 -17.779818
1335.660377 -17.836191
1336.886792 -17.837187
1338.113208 -17.859343
1339.339623 -17.870906
1340.566038 -17.881998
1341.792453 -17.915744
1343.018868 -17.972062
1344.245283 -17.972062
1345.471698 -17.994744
1346.698113 -18.022930
1347.924528 -18.039499
1349.150943 -18.045584
1350.377358 -18.073771
1351.603774 -18.101957
1352.830189 -18.130144
1354.056604 -18.140655
1355.283019 -18.164941
1356.509434 -18.208092
1357.735849 -18.208092
1358.962264 -18.208092
1360.188679 -18.231826
1361.415094 -18.260012
1362.641509 -18.288199
1363.867925 -18.316385
1365.094340 -18.342967
1366.320755 -18.342967
1367.547170 -18.391485
1368.773585 -18.410405
1370.000000 -18.423599
1371.226415 -18.451785
1372.452830 -18.477842
1373.679245 -18.477842
1374.905660 -18.527410
1376.132075 -18.545279
1377.358491 -18.558999
1378.584906 -18.587186
1379.811321 -18.612717
1381.037736 -18.612717
1382.264151 -18.612717
1383.490566 -18.612717
1384.716981 -18.612717
1385.943396 -18.621430
1387.169811 -18.649616
1388.396226 -18.677803
1389.622642 -18.680154
1390.849057 -18.720760
1392.075472 -18.747592
1393.301887 -18.747592
1394.528302 -18.751298
1395.754717 -18.779485
1396.981132 -18.807671
1398.207547 -18.835858
1399.433962 -18.848748
1400.660377 -18.848748
1401.886792 -18.848748
1403.113208 -18.848748
1404.339623 -18.875634
1405.566038 -18.882466
1406.792453 -18.914110
1408.018868 -18.949904
1409.245283 -18.949904
1410.471698 -18.949904
1411.698113 -19.004728
1412.924528 -19.017341
1414.150943 -19.017341
1415.377358 -19.017341
1416.603774 -19.017341
1417.830189 -19.017341
1419.056604 -19.017341
1420.283019 -19.039746
1421.509434 -19.067933
1422.735849 -19.096119
1423.962264 -19.124306
1425.188679 -19.152216
1426.415094 -19.152216
1427.641509 -19.198078
1428.867925 -19.219653
1430.094340 -19.219653
1431.320755 -19.219653
1432.547170 -19.219653
1433.773585 -19.219653
1435.000000 -19.219653
1436.226415 -19.255502
1437.452830 -19.287091
1438.679245 -19.287091
1439.905660 -19.287091
1441.132075 -19.287091
1442.358491 -19.287091
1443.584906 -19.287091
1444.811321 -19.312926
1446.037736 -19.354528
1447.264151 -19.354528
1448.490566 -19.354528
1449.716981 -19.354528
1450.943396 -19.354528
1452.169811 -19.354528
1453.396226 -19.362439
1454.622642 -19.390625
1455.849057 -19.418812
1457.075472 -19.446998
1458.301887 -19.475185
1459.528302 -19.489403
1460.754717 -19.489403
1461.981132 -19.489403
1463.207547 -19.489403
1464.433962 -19.489403
1465.660377 -19.509429
1466.886792 -19.537616
1468.113208 -19.556840
1469.339623 -19.556840
1470.566038 -19.556840
1471.792453 -19.556840
1473.018868 -19.556840
1474.245283 -19.556840
1475.471698 -19.556840
1476.698113 -19.556840
1477.924528 -19.556840
1479.150943 -19.556840
1480.377358 -19.556840
1481.603774 -19.556840
1482.830189 -19.556840
1484.056604 -19.556840
1485.283019 -19.556840
1486.509434 -19.556840
1487.735849 -19.556840
1488.962264 -19.556840
1490.188679 -19.556840
1491.415094 -19.556840
1492.641509 -19.556840
1493.867925 -19.556840
1495.094340 -19.556840
1496.320755 -19.556840
1497.547170 -19.556840
1498.773585 -19.556840
1500.000000 -19.556840
