5.000 -22.692
6.226 -23.763
7.453 -24.111
8.679 -24.401
9.906 -25.900
11.132 -26.205
12.358 -26.451
13.585 -26.806
14.811 -27.092
16.038 -28.514
17.264 -28.654
18.491 -29.599
19.717 -29.956
20.943 -29.694
22.170 -30.014
23.396 -30.092
24.623 -30.591
25.849 -30.525
27.075 -30.577
28.302 -30.629
29.528 -30.682
30.755 -30.734
31.981 -30.786
33.208 -30.839
34.434 -30.891
35.660 -30.943
36.887 -30.996
38.113 -31.048
39.340 -31.100
40.566 -31.153
41.792 -31.205
43.019 -31.257
44.245 -31.310
45.472 -31.362
46.698 -31.415
47.925 -31.467
49.151 -31.519
50.377 -31.572
51.604 -31.624
52.830 -31.676
54.057 -31.729
55.283 -31.781
56.509 -31.833
57.736 -31.886
58.962 -31.938
60.189 -31.990
61.415 -32.043
62.642 -32.095
63.868 -32.147
65.094 -32.200
66.321 -32.252
67.547 -32.304
68.774 -32.357
70.000 -32.409
71.226 -32.461
72.453 -32.514
73.679 -32.566
74.906 -32.619
76.132 -32.671
77.358 -32.723
78.585 -32.776
79.811 -32.828
81.038 -32.880
82.264 -32.933
83.491 -32.985
84.717 -33.037
85.943 -33.090
87.170 -33.142
88.396 -33.194
89.623 -33.247
90.849 -33.299
92.075 -33.351
93.302 -33.404
94.528 -33.456
95.755 -33.508
96.981 -33.561
98.208 -33.613
99.434 -35.000
100.660 -35.000
101.887 -35.000
103.113 -34.962
104.340 -33.462
105.566 -33.462
106.792 -34.904
108.019 -34.965
109.245 -35.000
110.472 -35.000
111.698 -35.000
112.925 -34.995
114.151 -34.983
115.377 -34.971
116.604 -34.959
117.830 -34.947
119.057 -34.935
120.283 -34.923
121.509 -34.911
122.736 -34.486
123.962 -33.839
125.189 -33.483
126.415 -33.703
127.642 -34.606
128.868 -33.392
130.094 -34.038
131.321 -34.234
132.547 -34.221
133.774 -34.863
135.000 -33.967
136.226 -34.345
137.453 -34.666
138.679 -34.481
139.906 -34.295
141.132 -34.110
142.358 -33.924
143.585 -33.738
144.811 -33.553
146.038 -34.541
147.264 -34.915
148.491 -34.987
149.717 -34.354
150.943 -33.805
152.170 -34.124
153.396 -34.838
154.623 -34.038
155.849 -33.822
157.075 -34.864
158.302 -34.364
159.528 -34.098
160.755 -34.330
161.981 -34.339
163.208 -34.347
164.434 -34.355
165.660 -34.364
166.887 -34.372
168.113 -34.381
169.340 -34.389
170.566 -34.397
171.792 -34.406
173.019 -34.414
174.245 -34.423
175.472 -34.431
176.698 -34.439
177.925 -34.448
179.151 -34.456
180.377 -34.465
181.604 -34.473
182.830 -34.481
184.057 -34.490
185.283 -34.498
186.509 -34.507
187.736 -34.515
188.962 -34.523
190.189 -34.532
191.415 -34.540
192.642 -34.549
193.868 -34.557
195.094 -34.565
196.321 -34.574
197.547 -34.582
198.774 -34.591
200.000 -34.599
201.226 -34.607
202.453 -34.616
203.679 -34.624
204.906 -34.633
206.132 -34.641
207.358 -34.649
208.585 -34.658
209.811 -34.666
211.038 -34.674
212.264 -34.683
213.491 -34.691
214.717 -34.700
215.943 -34.708
217.170 -34.716
218.396 -34.725
219.623 -34.733
220.849 -34.742
222.075 -34.750
223.302 -34.758
224.528 -34.767
225.755 -34.775
226.981 -34.784
228.208 -34.792
229.434 -34.800
230.660 -34.809
231.887 -34.817
233.113 -34.826
234.340 -34.834
235.566 -34.842
236.792 -34.851
238.019 -34.859
239.245 -34.868
240.472 -34.876
241.698 -34.884
242.925 -34.893
244.151 -34.901
245.377 -33.903
246.604 -33.437
247.830 -33.366
249.057 -33.565
250.283 -34.212
251.509 -34.633
252.736 -33.419
253.962 -35.000
255.189 -34.113
256.415 -33.886
257.642 -33.672
258.868 -34.276
260.094 -34.647
261.321 -34.532
262.547 -34.418
263.774 -34.304
265.000 -34.190
266.226 -34.076
267.453 -33.961
268.679 -33.933
269.906 -34.746
271.132 -34.755
272.358 -33.684
273.585 -34.904
274.811 -34.460
276.038 -34.684
277.264 -31.472
278.491 -31.864
279.717 -33.394
280.943 -34.711
282.170 -31.356
283.396 -30.475
284.623 -34.519
285.849 -33.896
287.075 -31.112
288.302 -30.193
289.528 -30.146
290.755 -30.003
291.981 -31.289
293.208 -32.256
294.434 -34.519
295.660 -34.519
296.887 -32.514
298.113 -31.756
299.340 -30.303
300.566 -33.159
301.792 -29.552
303.019 -34.129
304.245 -29.380
305.472 -29.166
306.698 -29.205
307.925 -31.218
309.151 -29.112
310.377 -28.969
311.604 -28.923
312.830 -28.717
314.057 -28.821
315.283 -28.607
316.509 -28.640
317.736 -28.492
318.962 -28.462
320.189 -28.462
321.415 -28.313
322.642 -28.338
323.868 -28.363
325.094 -28.291
326.321 -28.077
327.547 -27.956
328.774 -27.885
330.000 -27.910
331.226 -27.835
332.453 -27.692
333.679 -27.692
334.906 -27.664
336.132 -27.553
337.358 -27.559
338.585 -27.416
339.811 -27.370
341.038 -27.323
342.264 -27.131
343.491 -27.202
344.717 -27.019
345.943 -26.886
347.170 -26.923
348.396 -26.923
349.623 -26.768
350.849 -26.792
352.075 -26.548
353.302 -26.620
354.528 -26.499
355.755 -26.314
356.981 -26.428
358.208 -26.286
359.434 -26.207
360.660 -26.058
361.887 -26.154
363.113 -26.154
364.340 -26.058
365.566 -25.865
366.792 -25.960
368.019 -25.889
369.245 -25.721
370.472 -25.673
371.698 -25.673
372.925 -25.646
374.151 -25.526
375.377 -25.405
376.604 -25.476
377.830 -25.377
379.057 -25.355
380.283 -25.333
381.509 -25.119
382.736 -25.192
383.962 -25.096
385.189 -25.014
386.415 -25.086
387.642 -24.904
388.868 -24.772
390.094 -24.627
391.321 -24.698
392.547 -28.441
393.774 -34.320
395.000 -33.650
396.226 -26.226
397.453 -28.801
398.679 -30.688
399.906 -24.316
401.132 -24.173
402.358 -29.749
403.585 -24.080
404.811 -24.130
406.038 -23.987
407.264 -29.395
408.491 -24.038
409.717 -24.038
410.943 -23.775
412.170 -23.800
413.396 -23.803
414.623 -23.660
415.849 -30.569
417.075 -34.419
418.302 -25.293
419.528 -32.717
420.755 -30.598
421.981 -27.510
423.208 -25.094
424.434 -33.875
425.660 -26.706
426.887 -27.444
428.113 -24.563
429.340 -32.915
430.566 -23.077
431.792 -22.919
433.019 -22.875
434.245 -22.803
435.472 -22.885
436.698 -26.647
437.925 -22.603
439.151 -22.674
440.377 -22.596
441.604 -26.022
442.830 -22.400
444.057 -22.329
445.283 -28.148
446.509 -31.218
447.736 -33.341
448.962 -24.917
450.189 -34.043
451.415 -21.946
452.642 -22.017
453.868 -21.923
455.094 -21.686
456.321 -21.787
457.547 -21.644
458.774 -21.731
460.000 -21.593
461.226 -21.618
462.453 -21.546
463.679 -21.410
464.906 -21.250
466.132 -21.332
467.358 -21.261
468.585 -21.215
469.811 -21.094
471.038 -21.035
472.264 -20.893
473.491 -20.942
474.717 -20.895
475.943 -20.865
477.170 -20.865
478.396 -20.659
479.623 -20.673
480.849 -20.481
482.075 -20.481
483.302 -20.525
484.528 -20.412
485.755 -20.291
486.981 -20.362
488.208 -20.241
489.434 -20.168
490.660 -20.097
491.887 -20.147
493.113 -20.000
494.340 -19.925
495.566 -19.997
496.792 -19.836
498.019 -19.861
499.245 -19.885
500.472 -19.814
501.698 -19.712
502.925 -19.615
504.151 -19.696
505.377 -19.625
506.604 -19.361
507.830 -19.423
509.057 -19.243
510.283 -19.315
511.509 -19.172
512.736 -19.196
513.962 -19.221
515.189 -19.150
516.415 -19.095
517.642 -18.974
518.868 -18.936
520.094 -18.864
521.321 -18.932
522.547 -18.885
523.774 -18.842
525.000 -18.771
526.226 -18.695
527.453 -18.654
528.679 -18.559
529.906 -18.630
531.132 -18.509
532.358 -18.484
533.585 -18.556
534.811 -18.462
536.038 -25.643
537.264 -21.801
538.491 -33.794
539.717 -22.911
540.943 -26.881
542.170 -34.649
543.396 -33.579
544.623 -23.421
545.849 -34.340
547.075 -34.874
548.302 -34.231
549.528 -23.539
550.755 -27.551
551.981 -17.873
553.208 -17.802
554.434 -24.261
555.660 -17.626
556.887 -17.588
558.113 -17.517
559.340 -27.107
560.566 -34.207
561.792 -32.761
563.019 -20.697
564.245 -24.734
565.472 -21.728
566.698 -34.468
567.925 -21.333
569.151 -35.000
570.377 -17.019
571.604 -17.019
572.830 -21.278
574.057 -33.508
575.283 -30.857
576.509 -17.294
577.736 -29.159
578.962 -26.441
580.189 -16.557
581.415 -16.628
582.642 -16.507
583.868 -24.166
585.094 -30.806
586.321 -18.099
587.547 -27.831
588.774 -33.895
590.000 -18.399
591.226 -31.177
592.453 -26.780
593.679 -33.956
594.906 -32.316
596.132 -18.824
597.358 -15.865
598.585 -21.875
599.811 -33.391
601.038 -19.328
602.264 -15.726
603.491 -15.702
604.717 -15.577
605.943 -15.577
607.170 -15.430
608.396 -15.526
609.623 -15.479
610.849 -15.336
612.075 -15.385
613.302 -15.266
614.528 -15.194
615.755 -15.150
616.981 -15.199
618.208 -15.192
619.434 -15.192
620.660 -15.030
621.887 -15.055
623.113 -15.079
624.340 -15.008
625.566 -14.871
626.792 -14.750
628.019 -14.698
629.245 -14.626
630.472 -14.712
631.698 -14.580
632.925 -14.615
634.151 -14.615
635.377 -14.462
636.604 -14.486
637.830 -14.503
639.057 -14.360
640.283 -14.368
641.509 -14.231
642.736 -14.322
643.962 -14.250
645.189 -14.275
646.415 -14.108
647.642 -14.132
648.868 -14.061
650.094 -14.086
651.321 -13.918
652.547 -13.847
653.774 -13.801
655.000 -13.846
656.226 -13.750
657.453 -13.750
658.679 -13.654
659.906 -13.515
661.132 -13.636
662.358 -13.564
663.585 -13.526
664.811 -13.421
666.038 -13.431
667.264 -13.288
668.491 -13.303
669.717 -13.291
670.943 -13.257
672.170 -13.185
673.396 -13.151
674.623 -13.139
675.849 -13.154
677.075 -13.011
678.302 -13.021
679.528 -13.046
680.755 -12.891
681.981 -12.963
683.208 -12.842
684.434 -12.692
685.660 -12.788
686.887 -12.788
688.113 -23.325
689.340 -27.871
690.566 -12.775
691.792 -28.980
693.019 -22.983
694.245 -34.027
695.472 -33.385
696.698 -33.777
697.925 -23.534
699.151 -29.180
700.377 -13.332
701.604 -12.049
702.830 -12.074
704.057 -12.082
705.283 -11.939
706.509 -12.019
707.736 -20.678
708.962 -34.095
710.189 -34.880
711.415 -34.430
712.642 -20.378
713.868 -14.283
715.094 -30.273
716.321 -34.021
717.547 -26.993
718.774 -32.941
720.000 -15.523
721.226 -34.534
722.453 -34.350
723.679 -33.107
724.906 -16.117
726.132 -11.294
727.358 -11.319
728.585 -11.156
729.811 -11.227
731.038 -11.105
732.264 -34.711
733.491 -34.140
734.717 -34.435
735.943 -22.489
737.170 -34.231
738.396 -34.231
739.623 -33.365
740.849 -34.178
742.075 -15.166
743.302 -32.013
744.528 -34.457
745.755 -24.750
746.981 -10.577
748.208 -10.577
749.434 -10.419
750.660 -10.444
751.887 -10.468
753.113 -10.397
754.340 -10.422
755.566 -10.447
756.792 -10.471
758.019 -10.400
759.245 -10.345
760.472 -10.257
761.698 -10.288
762.925 -10.288
764.151 -10.149
765.377 -10.068
766.604 -10.093
767.830 -10.021
769.057 -9.954
770.283 -9.929
771.509 -9.904
772.736 -9.904
773.962 -9.808
775.189 -9.881
776.415 -9.810
777.642 -9.712
778.868 -9.808
780.094 -9.692
781.321 -9.621
782.547 -9.645
783.774 -9.712
785.000 -9.599
786.226 -9.527
787.453 -9.552
788.679 -9.577
789.906 -9.437
791.132 -9.508
792.358 -9.483
793.585 -9.327
794.811 -9.423
796.038 -9.423
797.264 -9.327
798.491 -9.264
799.717 -9.239
800.943 -9.310
802.170 -9.231
803.396 -9.135
804.623 -9.231
805.849 -9.231
807.075 -9.083
808.302 -9.108
809.528 -9.132
810.755 -9.061
811.981 -9.086
813.208 -9.111
814.434 -9.039
815.660 -8.993
816.887 -8.993
818.113 -9.017
819.340 -8.946
820.566 -8.914
821.792 -8.889
823.019 -8.846
824.245 -8.846
825.472 -8.815
826.698 -8.790
827.925 -8.765
829.151 -8.837
830.377 -24.952
831.604 -34.291
832.830 -33.545
834.057 -33.474
835.283 -8.654
836.509 -33.769
837.736 -30.944
838.962 -12.526
840.189 -34.944
841.415 -33.365
842.642 -10.239
843.868 -28.800
845.094 -33.833
846.321 -34.117
847.547 -33.094
848.774 -14.106
850.000 -8.508
851.226 -8.391
852.453 -8.366
853.679 -8.437
854.906 -20.981
856.132 -28.353
857.358 -9.079
858.585 -15.523
859.811 -33.462
861.038 -8.269
862.264 -8.269
863.491 -8.365
864.717 -22.557
865.943 -12.709
867.170 -31.341
868.396 -34.051
869.623 -24.241
870.849 -34.670
872.075 -33.957
873.302 -17.867
874.528 -8.173
875.755 -8.269
876.981 -8.269
878.208 -8.231
879.434 -17.284
880.660 -32.623
881.887 -12.849
883.113 -34.032
884.340 -35.000
885.566 -8.264
886.792 -8.193
888.019 -21.733
889.245 -34.598
890.472 -8.745
891.698 -28.662
892.925 -21.119
894.151 -8.077
895.377 -8.077
896.604 -8.103
897.830 -8.127
899.057 -8.152
900.283 -8.081
901.509 -8.173
902.736 -8.077
903.962 -8.155
905.189 -8.084
906.415 -8.108
907.642 -8.037
908.868 -8.077
910.094 -8.077
911.321 -8.043
912.547 -8.018
913.774 -7.993
915.000 -8.064
916.226 -7.981
917.453 -8.077
918.679 -7.990
919.906 -8.061
921.132 -8.037
922.358 -8.012
923.585 -7.981
924.811 -7.981
926.038 -8.077
927.264 -7.981
928.491 -8.073
929.717 -8.002
930.943 -7.977
932.170 -7.981
933.396 -7.885
934.623 -7.885
935.849 -7.886
937.075 -7.936
938.302 -7.793
939.528 -7.843
940.755 -7.981
941.981 -7.885
943.208 -7.885
944.434 -7.915
945.660 -7.788
946.887 -7.851
948.113 -7.709
949.340 -7.788
950.566 -7.692
951.792 -7.788
953.019 -7.788
954.245 -7.753
955.472 -7.728
956.698 -7.703
957.925 -7.774
959.151 -7.750
960.377 -7.692
961.604 -9.881
962.830 -29.013
964.057 -7.692
965.283 -26.607
966.509 -9.076
967.736 -29.278
968.962 -19.702
970.189 -27.379
971.415 -8.252
972.642 -28.526
973.868 -21.492
975.094 -7.692
976.321 -7.692
977.547 -7.526
978.774 -7.550
980.000 -7.596
981.226 -7.596
982.453 -7.568
983.679 -7.500
984.906 -7.596
986.132 -7.596
987.358 -16.557
988.585 -7.540
989.811 -7.515
991.038 -7.586
992.264 -7.500
993.491 -17.593
994.717 -34.146
995.943 -33.646
997.170 -33.536
998.396 -34.394
999.623 -9.896
1000.849 -29.170
1002.075 -22.482
1003.302 -35.000
1004.528 -33.365
1005.755 -33.365
1006.981 -21.800
1008.208 -15.063
1009.434 -8.264
1010.660 -28.395
1011.887 -20.367
1013.113 -7.379
1014.340 -7.403
1015.566 -7.332
1016.792 -7.212
1018.019 -7.285
1019.245 -7.214
1020.472 -26.266
1021.698 -21.610
1022.925 -33.501
1024.151 -34.001
1025.377 -15.341
1026.604 -35.000
1027.830 -11.696
1029.057 -31.113
1030.283 -34.038
1031.509 -17.868
1032.736 -30.900
1033.962 -10.341
1035.189 -17.438
1036.415 -6.984
1037.642 -7.009
1038.868 -6.937
1040.094 -7.019
1041.321 -6.956
1042.547 -6.923
1043.774 -6.923
1045.000 -34.130
1046.226 -34.497
1047.453 -6.918
1048.679 -6.847
1049.906 -19.171
1051.132 -27.188
1052.358 -33.398
1053.585 -34.611
1054.811 -34.619
1056.038 -34.203
1057.264 -34.989
1058.491 -6.757
1059.717 -6.781
1060.943 -6.635
1062.170 -6.635
1063.396 -6.731
1064.623 -6.635
1065.849 -6.713
1067.075 -6.641
1068.302 -6.666
1069.528 -6.595
1070.755 -6.635
1071.981 -6.635
1073.208 -6.538
1074.434 -6.479
1075.660 -6.430
1076.887 -6.359
1078.113 -6.384
1079.340 -6.408
1080.566 -6.424
1081.792 -6.281
1083.019 -6.346
1084.245 -6.250
1085.472 -6.346
1086.698 -6.346
1087.925 -6.250
1089.151 -6.290
1090.377 -6.343
1091.604 -6.271
1092.830 -6.204
1094.057 -6.129
1095.283 -6.153
1096.509 -6.082
1097.736 -6.107
1098.962 -6.154
1100.189 -6.154
1101.415 -6.127
1102.642 -6.058
1103.868 -6.115
1105.094 -5.972
1106.321 -5.992
1107.547 -6.017
1108.774 -6.041
1110.000 -5.970
1111.226 -15.904
1112.453 -5.923
1113.679 -33.595
1114.906 -34.808
1116.132 -16.716
1117.358 -24.293
1118.585 -8.982
1119.811 -30.684
1121.038 -5.769
1122.264 -5.801
1123.491 -5.769
1124.717 -5.769
1125.943 -5.673
1127.170 -5.606
1128.396 -5.582
1129.623 -5.653
1130.849 -5.628
1132.075 -26.796
1133.302 -5.669
1134.528 -5.527
1135.755 -5.528
1136.981 -5.553
1138.208 -5.482
1139.434 -5.436
1140.660 -19.453
1141.887 -33.869
1143.113 -34.940
1144.340 -25.959
1145.566 -5.331
1146.792 -10.708
1148.019 -32.409
1149.245 -25.170
1150.472 -5.232
1151.698 -34.776
1152.925 -33.706
1154.151 -23.562
1155.377 -22.833
1156.604 -5.264
1157.830 -5.122
1159.057 -5.134
1160.283 -5.158
1161.509 -5.174
1162.736 -5.031
1163.962 -21.803
1165.189 -34.162
1166.415 -32.174
1167.642 -10.544
1168.868 -21.412
1170.094 -33.502
1171.321 -34.852
1172.547 -33.710
1173.774 -35.000
1175.000 -25.916
1176.226 -35.000
1177.453 -34.928
1178.679 -34.119
1179.906 -33.772
1181.132 -34.771
1182.358 -34.065
1183.585 -20.770
1184.811 -4.635
1186.038 -4.706
1187.264 -4.615
1188.491 -4.615
1189.717 -4.536
1190.943 -4.607
1192.170 -14.581
1193.396 -35.000
1194.623 -4.436
1195.849 -4.508
1197.075 -23.092
1198.302 -34.904
1199.528 -7.759
1200.755 -30.460
1201.981 -4.270
1203.208 -4.295
1204.434 -4.319
1205.660 -4.248
1206.887 -4.327
1208.113 -4.260
1209.340 -4.226
1210.566 -4.155
1211.792 -4.179
1213.019 -4.204
1214.245 -4.038
1215.472 -4.038
1216.698 -4.038
1217.925 -4.087
1219.151 -3.945
1220.377 -3.968
1221.604 -3.948
1222.830 -3.942
1224.057 -3.942
1225.283 -3.779
1226.509 -3.857
1227.736 -3.828
1228.962 -3.757
1230.189 -3.782
1231.415 -3.807
1232.642 -3.831
1233.868 -3.760
1235.094 -3.785
1236.321 -3.846
1237.547 -3.666
1238.774 -3.737
1240.000 -3.595
1241.226 -3.620
1242.453 -3.654
1243.679 -3.654
1244.906 -3.558
1246.132 -3.462
1247.358 -3.552
1248.585 -3.480
1249.811 -3.505
1251.038 -3.393
1252.264 -4.359
1253.491 -26.846
1254.717 -3.462
1255.943 -35.000
1257.170 -3.347
1258.396 -26.905
1259.623 -18.124
1260.849 -34.534
1262.075 -34.890
1263.302 -25.914
1264.528 -3.217
1265.755 -28.656
1266.981 -5.027
1268.208 -3.143
1269.434 -3.118
1270.660 -3.077
1271.887 -3.077
1273.113 -2.981
1274.340 -3.039
1275.566 -3.064
1276.792 -2.992
1278.019 -22.920
1279.245 -23.250
1280.472 -2.970
1281.698 -2.899
1282.925 -2.981
1284.151 -2.885
1285.377 -2.796
1286.604 -2.867
1287.830 -2.788
1289.057 -33.763
1290.283 -2.692
1291.509 -2.692
1292.736 -17.395
1293.962 -24.910
1295.189 -32.835
1296.415 -9.992
1297.642 -33.800
1298.868 -33.814
1300.094 -34.885
1301.321 -33.976
1302.547 -17.603
1303.774 -27.794
1305.000 -3.809
1306.226 -2.500
1307.453 -2.404
1308.679 -2.500
1309.906 -2.500
1311.132 -2.404
1312.358 -15.309
1313.585 -29.903
1314.811 -5.704
1316.038 -34.004
1317.264 -33.365
1318.491 -2.284
1319.717 -2.141
1320.943 -15.010
1322.170 -34.966
1323.396 -30.469
1324.623 -7.268
1325.849 -34.530
1327.075 -12.421
1328.302 -2.109
1329.528 -2.038
1330.755 -2.115
1331.981 -1.991
1333.208 -2.019
1334.434 -2.019
1335.660 -1.873
1336.887 -1.923
1338.113 -34.946
1339.340 -10.317
1340.566 -18.816
1341.792 -1.827
1343.019 -1.827
1344.245 -34.314
1345.472 -34.163
1346.698 -1.731
1347.925 -1.731
1349.151 -24.435
1350.377 -1.635
1351.604 -29.405
1352.830 -4.706
1354.057 -1.572
1355.283 -1.597
1356.509 -1.621
1357.736 -1.550
1358.962 -1.538
1360.189 -1.477
1361.415 -1.453
1362.642 -1.524
1363.868 -1.385
1365.094 -1.410
1366.321 -1.442
1367.547 -1.442
1368.774 -1.400
1370.000 -1.375
1371.226 -1.346
1372.453 -1.346
1373.679 -1.301
1374.906 -1.224
1376.132 -1.343
1377.358 -1.200
1378.585 -1.250
1379.811 -1.058
1381.038 -1.058
1382.264 -1.154
1383.491 -1.058
1384.717 -0.962
1385.943 -0.962
1387.170 -1.058
1388.396 -1.004
1389.623 -0.962
1390.849 -0.962
1392.075 -0.993
1393.302 -0.979
1394.528 -0.962
1395.755 -0.962
1396.981 -0.865
1398.208 -0.925
1399.434 -0.769
1400.660 -0.769
1401.887 -0.807
1403.113 -12.669
1404.340 -33.690
1405.566 -34.761
1406.792 -0.769
1408.019 -11.535
1409.245 -33.466
1410.472 -34.680
1411.698 -19.428
1412.925 -0.605
1414.151 -1.650
1415.377 -27.206
1416.604 -0.577
1417.830 -0.506
1419.057 -0.481
1420.283 -0.481
1421.509 -0.431
1422.736 -0.407
1423.962 -0.478
1425.189 -0.453
1426.415 -0.428
1427.642 -0.366
1428.868 -0.294
1430.094 -0.385
1431.321 -0.288
1432.547 -0.272
1433.774 -0.201
1435.000 -0.226
1436.226 -13.568
1437.453 -30.162
1438.679 -4.463
1439.906 -12.797
1441.132 -33.427
1442.358 -34.826
1443.585 -33.612
1444.811 -13.963
1446.038 -22.225
1447.264 -34.135
1448.491 -34.135
1449.717 -19.477
1450.943 -34.557
1452.170 -34.519
1453.396 -34.519
1454.623 -34.519
1455.849 -34.519
1457.075 -34.519
1458.302 -34.519
1459.528 -34.519
1460.755 -34.662
1461.981 -34.805
1463.208 -33.488
1464.434 -34.190
1465.660 -34.653
1466.887 -33.439
1468.113 -35.000
1469.340 -34.084
1470.566 -33.365
1471.792 -33.365
1473.019 -34.936
1474.245 -33.501
1475.472 -34.720
1476.698 -34.292
1477.925 -34.397
1479.151 -34.254
1480.377 -34.111
1481.604 -33.968
1482.830 -33.826
1484.057 -33.871
1485.283 -34.808
1486.509 -34.808
1487.736 -34.348
1488.962 -34.934
1490.189 -33.365
1491.415 -33.365
1492.642 -35.000
1493.868 -33.808
1495.094 -34.994
1496.321 -34.851
1497.547 -33.558
1498.774 -34.687
1500.000 -34.135
